#(carId,StartTime,RoadId...)
(10000,11,17,23,29,35)
(10001,26,20,14,8,2,3)
(10002,14,15,16,17,23,29,35)
(10003,32,26,20,14,13)
(10004,4,5,11,17,23)
(10005,27,21,15,9,3,4,5)
(10006,14,20,26,32)
(10007,8,9,10,11,12,18,24,30)
(10008,5,4,3,2,8,14,20,26)
(10009,32,26,20,14,8,9,10,11,12)
(10010,4,3,2,1,7,13,19,25,31)
(10011,30,24,18,12,6,5,4,3)
(10012,27,21,15,9,3,2)
(10013,34,28,22,16,10,9,8,7)
(10014,10,16,22,28,34)
(10015,20,14,8,2,1)
(10016,23,17,11,5,4,3)
(10017,31,25,19,13,7,8,9,10,11)
(10018,14,15,16,17,18,24,30,36)
(10019,16,17,18,24,30,36)
(10020,30,24,18,12,6,5,4)
(10021,32,26,20,14,8,2,3,4)
(10022,18,24,30,36)
(10023,33,27,21,15,9,3,2,1)
(10024,32,26,20,14,8,9,10,11,12)
(10025,19,13,7,1)
(10026,36,30,24,18)
(10027,26,20,14,8)
(10028,27,21,15,9,3,4)
(10029,31,25,19,13,7,8,9,10,11)
(10030,7,8,9,10,11,12,18,24,30,36)
(10031,19,13,7,1)
(10032,25,19,13,7,1,2)
(10033,22,16,10,4)
(10034,17,23,29,35)
(10035,36,30,24,18,12)
(10036,17,18,24,30,36)
(10037,23,17,11,5,4)
(10038,8,9,10,16,22,28,34)
(10039,10,9,8,14,20,26,32)
(10040,18,24,30,36)
(10041,11,10,16,22,28,34)
(10042,7,8,9,10,11,12,18,24,30)
(10043,9,10,11,17,23,29,35)
(10044,31,25,19,13,7,1,2,3,4,5)
(10045,18,24,30,36)
(10046,14,15,16,17,23,29,35)
(10047,8,9,10,11,12,18,24,30)
(10048,10,11,17,23,29,35)
(10049,26,20,14,8,2,3,4,5,6)
(10050,28,22,16,10,4,3)
(10051,7,13,19,25,31)
(10052,17,23,29,35)
(10053,2,3,9,15,21)
(10054,19,13,7,1)
(10055,31,25,19,13,7,1)
(10056,6,12,18,24,30)
(10057,24,18,12,6,5,4,3)
(10058,8,9,10,16,22,28,34)
(10059,34,28,22,16,10,4,3,2)
(10060,33,27,21,15,9,3,4,5,6)
(10061,5,6,12,18,24,30,36)
(10062,5,4,3,2,1,7,13,19,25)
(10063,19,13,7,1)
(10064,27,21,15,9,8)
(10065,13,19,25,31)
(10066,32,26,20,14,8,9,10,11,12)
(10067,29,23,17,11,5,4,3,2,1)
(10068,29,23,17,11,10,9,8,7)
(10069,25,19,13,7,1,2,3,4,5)
(10070,20,14,8,2,1)
(10071,31,25,19,13,7,8,9,10)
(10072,8,9,15,21,27)
(10073,1,2,3,4,5,11,17,23,29)
(10074,22,16,10,4,3,2)
(10075,23,17,11,5,4,3)
(10076,20,14,8,2)
(10077,29,23,17,11,5,4,3,2)
(10078,4,5,6,12,18,24,30)
(10079,15,21,27,33)
(10080,32,26,20,14,8,2,1)
(10081,35,29,23,17,16,15,14,13)
(10082,13,14,15,16,17,23,29,35)
(10083,35,29,23,17,11,10)
(10084,3,4,5,6,12,18,24,30,36)
(10085,16,17,23,29,35)
(10086,26,20,14,8)
(10087,10,11,12,18,24,30,36)
(10088,12,18,24,30)
(10089,26,20,14,8,2,3)
(10090,16,17,18,24,30,36)
(10091,30,24,18,12,11,10)
(10092,6,5,4,3,2,1,7,13,19,25,31)
(10093,12,11,10,9,8,14,20,26,32)
(10094,28,22,16,10,4,3,2,1)
(10095,31,25,19,13,7,8,9,10,11,12)
(10096,27,21,15,9,3,4,5,6)
(10097,18,24,30,36)
(10098,33,27,21,15,9,3,4)
(10099,8,14,20,26)
(10100,8,9,15,21,27)
(10101,34,28,22,16,10,4,3)
(10102,15,16,17,23,29,35)
(10103,22,16,10,4,3,2)
(10104,32,26,20,14,8,2,3,4,5,6)
(10105,36,30,24,18,12,11,10)
(10106,7,8,9,10,16,22,28,34)
(10107,19,13,7,1)
(10108,32,26,20,14)
(10109,27,21,15,9)
(10110,8,9,10,16,22,28,34)
(10111,33,27,21,15,14)
(10112,1,2,3,4,5,11,17,23)
(10113,8,14,20,26,32)
(10114,31,25,19,13,7,8,9)
(10115,32,26,20,14,8,2,3)
(10116,16,17,23,29,35)
(10117,12,11,17,23,29,35)
(10118,10,11,12,18,24,30)
(10119,7,8,9,10,16,22,28,34)
(10120,36,30,24,18,12,11,10,9,8)
(10121,21,15,9,3,2,1)
(10122,5,4,10,16,22,28)
(10123,33,27,21,15,9,3,2,1)
(10124,6,5,11,17,23,29,35)
(10125,6,5,11,17,23,29)
(10126,5,6,12,18,24,30,36)
(10127,6,5,4,3,2,1,7,13,19,25,31)
(10128,8,9,10,11,17,23,29,35)
(10129,19,13,7,1)
(10130,25,19,13,7)
(10131,28,22,16,10,9)
(10132,16,22,28,34)
(10133,8,9,10,11,12,18,24,30)
(10134,2,1,7,13,19,25,31)
(10135,18,24,30,36)
(10136,6,5,4,10,16,22,28)
(10137,12,11,10,16,22,28,34)
(10138,23,17,11,5,4,3,2,1)
(10139,33,27,21,15)
(10140,32,26,20,14,8,2,3,4,5,6)
(10141,30,24,18,12,6,5)
(10142,7,8,14,20,26)
(10143,3,2,8,14,20,26,32)
(10144,22,16,10,4)
(10145,7,13,19,25,31)
(10146,36,30,24,18,17,16,15,14,13)
(10147,13,19,25,31)
(10148,17,18,24,30,36)
(10149,21,15,9,3,2)
(10150,28,22,16,10,4,5,6)
(10151,31,25,19,13,7)
(10152,3,4,10,16,22,28,34)
(10153,29,23,17,11,10,9,8)
(10154,35,29,23,17)
(10155,34,28,22,16,10,4)
(10156,18,24,30,36)
(10157,19,13,7,1)
(10158,17,23,29,35)
(10159,11,10,9,15,21,27,33)
(10160,33,27,21,15,9,3,4)
(10161,10,9,8,7,13,19,25,31)
(10162,5,4,10,16,22,28)
(10163,17,18,24,30,36)
(10164,17,23,29,35)
(10165,6,12,18,24,30)
(10166,31,25,19,13,7,1,2,3,4,5,6)
(10167,19,13,7,1)
(10168,19,13,7,1)
(10169,4,5,6,12,18,24,30)
(10170,15,16,17,23,29,35)
(10171,14,15,16,17,18,24,30,36)
(10172,9,15,21,27)
(10173,8,9,10,11,12,18,24,30,36)
(10174,6,5,4,3,2,1,7,13,19,25,31)
(10175,14,15,16,22,28,34)
(10176,12,11,10,9,15,21,27,33)
(10177,34,28,22,16,10,4,3)
(10178,25,19,13,7,1,2,3,4,5,6)
(10179,22,16,10,4,3)
(10180,15,16,17,18,24,30,36)
(10181,30,24,18,12)
(10182,3,4,5,11,17,23,29,35)
(10183,6,5,4,3,2,1,7,13,19,25,31)
(10184,7,8,9,10,11,17,23,29)
(10185,10,11,17,23,29,35)
(10186,35,29,23,17,11,12)
(10187,29,23,17,11,5,4)
(10188,13,14,20,26,32)
(10189,20,14,8,2)
(10190,30,24,18,12,6,5,4)
(10191,12,18,24,30)
(10192,11,12,18,24,30)
(10193,4,3,9,15,21,27)
(10194,5,4,3,2,1,7,13,19,25,31)
(10195,29,23,17,11,10,9,8,7)
(10196,25,19,13,7,1,2)
(10197,26,20,14,8,2,1)
(10198,10,11,12,18,24,30,36)
(10199,19,13,7,1)
(10200,7,8,9,15,21,27)
(10201,34,28,22,16,10,11)
(10202,22,16,10,4)
(10203,16,17,23,29,35)
(10204,28,22,16,10,4)
(10205,19,13,7,1)
(10206,36,30,24,18,17,16,15,14,13)
(10207,6,5,11,17,23,29)
(10208,10,11,17,23,29)
(10209,19,13,7,1)
(10210,19,13,7,1)
(10211,20,14,8,2)
(10212,3,4,5,6,12,18,24,30)
(10213,32,26,20,14,8,9)
(10214,17,18,24,30,36)
(10215,2,3,4,5,6,12,18,24,30,36)
(10216,17,23,29,35)
(10217,18,24,30,36)
(10218,8,7,13,19,25,31)
(10219,22,16,10,4,3,2)
(10220,2,3,9,15,21,27,33)
(10221,20,14,8,2,1)
(10222,30,24,18,12,6,5,4,3,2)
(10223,28,22,16,10,4,5)
(10224,6,5,4,3,9,15,21,27)
(10225,25,19,13,7,1,2)
(10226,14,15,16,17,18,24,30,36)
(10227,19,13,7,1)
(10228,4,5,11,17,23)
(10229,35,29,23,17,16)
(10230,30,24,18,12,11,10,9,8,7)
(10231,29,23,17,11,5,6)
(10232,18,24,30,36)
(10233,9,8,7,13,19,25,31)
(10234,8,9,15,21,27,33)
(10235,4,3,2,1,7,13,19,25,31)
(10236,12,18,24,30)
(10237,20,14,8,2,1)
(10238,2,3,4,5,6,12,18,24,30)
(10239,28,22,16,10)
(10240,8,14,20,26,32)
(10241,23,17,11,5)
(10242,30,24,18,12,11,10,9)
(10243,22,16,10,4)
(10244,12,18,24,30,36)
(10245,23,17,11,5,4,3,2,1)
(10246,15,16,17,23,29,35)
(10247,24,18,12,6,5)
(10248,16,17,18,24,30,36)
(10249,12,11,10,9,8,14,20,26,32)
(10250,30,24,18,12,11,10,9,8)
(10251,20,14,8,2,1)
(10252,36,30,24,18,17,16)
(10253,28,22,16,10,4,3)
(10254,15,16,22,28,34)
(10255,28,22,16,10,4,3,2)
(10256,1,2,3,4,10,16,22,28)
(10257,21,15,9,3,2,1)
(10258,24,18,12,6,5)
(10259,7,8,9,10,16,22,28,34)
(10260,9,10,16,22,28,34)
(10261,4,3,2,1,7,13,19,25,31)
(10262,6,12,18,24)
(10263,12,11,10,9,8,14,20,26,32)
(10264,33,27,21,15,9,3,2,1)
(10265,35,29,23,17,11,5,4,3,2)
(10266,10,9,15,21,27,33)
(10267,28,22,16,10,9,8,7)
(10268,19,13,7,1)
(10269,31,25,19,13,7,1,2,3,4,5)
(10270,34,28,22,16)
(10271,24,18,12,6,5,4)
(10272,25,19,13,7,1,2,3,4,5)
(10273,9,10,16,22,28,34)
(10274,13,14,15,16,17,18,24,30,36)
(10275,12,11,10,16,22,28,34)
(10276,3,4,5,6,12,18,24)
(10277,10,9,8,7,13,19,25,31)
(10278,23,17,11,5,4,3)
(10279,22,16,10,4,3,2)
(10280,28,22,16,10,4,3,2)
(10281,15,21,27,33)
(10282,31,25,19,13,7,1,2,3)
(10283,18,24,30,36)
(10284,34,28,22,16)
(10285,1,2,3,9,15,21,27,33)
(10286,36,30,24,18,12,6,5)
(10287,7,8,9,10,11,17,23,29)
(10288,18,24,30,36)
(10289,29,23,17,11,10,9)
(10290,18,24,30,36)
(10291,35,29,23,17,16,15)
(10292,2,3,4,10,16,22)
(10293,15,16,17,23,29,35)
(10294,9,10,16,22,28,34)
(10295,34,28,22,16,10)
(10296,7,8,14,20,26,32)
(10297,15,16,22,28,34)
(10298,3,4,5,6,12,18,24,30)
(10299,3,4,5,11,17,23,29,35)
(10300,17,18,24,30,36)
(10301,8,9,15,21,27,33)
(10302,15,16,17,23,29,35)
(10303,22,16,10,4,3,2,1)
(10304,34,28,22,16,10,11)
(10305,13,14,15,16,22,28,34)
(10306,21,15,9,3,2,1)
(10307,32,26,20,14)
(10308,18,24,30,36)
(10309,21,15,9,3,2)
(10310,19,13,7,1)
(10311,20,14,8,2)
(10312,6,5,4,10,16,22,28,34)
(10313,21,15,9,3)
(10314,1,2,3,4,5,6,12,18,24,30)
(10315,30,24,18,12,6,5)
(10316,22,16,10,4,3,2,1)
(10317,6,12,18,24)
(10318,12,11,10,9,8,7,13,19,25,31)
(10319,27,21,15,9,3,4)
(10320,27,21,15,9,3,2,1)
(10321,11,17,23,29)
(10322,33,27,21,15,14,13)
(10323,9,15,21,27,33)
(10324,31,25,19,13,7,8,9,10)
(10325,10,11,17,23,29,35)
(10326,7,13,19,25,31)
(10327,11,17,23,29,35)
(10328,21,15,9,3)
(10329,10,16,22,28)
(10330,7,8,9,10,11,17,23,29)
(10331,36,30,24,18,12)
(10332,33,27,21,15,9,8)
(10333,11,12,18,24,30)
(10334,10,11,12,18,24,30,36)
(10335,2,3,4,10,16,22)
(10336,19,13,7,1)
(10337,3,4,5,11,17,23,29,35)
(10338,6,12,18,24)
(10339,25,19,13,7,1,2)
(10340,10,9,8,14,20,26,32)
(10341,13,19,25,31)
(10342,22,16,10,4,3,2)
(10343,30,24,18,12,11)
(10344,33,27,21,15,9,3)
(10345,30,24,18,12,11)
(10346,18,24,30,36)
(10347,25,19,13,7,1,2,3,4)
(10348,35,29,23,17,11,10,9)
(10349,23,17,11,5,4)
(10350,19,13,7,1)
(10351,29,23,17,11,10,9,8,7)
(10352,19,13,7,1)
(10353,29,23,17,11,10,9,8)
(10354,13,14,15,21,27,33)
(10355,12,11,17,23,29,35)
(10356,4,3,9,15,21,27,33)
(10357,18,24,30,36)
(10358,9,10,11,17,23,29)
(10359,18,24,30,36)
(10360,32,26,20,14,8)
(10361,32,26,20,14,8,9,10,11,12)
(10362,29,23,17,11)
(10363,33,27,21,15,9,3)
(10364,24,18,12,6,5)
(10365,35,29,23,17,11,5,4,3,2,1)
(10366,2,8,14,20,26,32)
(10367,7,8,14,20,26)
(10368,32,26,20,14,8,9,10,11,12)
(10369,20,14,8,2,1)
(10370,19,13,7,1)
(10371,36,30,24,18,12,6,5,4,3)
(10372,19,13,7,1)
(10373,1,2,3,4,5,11,17,23,29,35)
(10374,11,12,18,24,30,36)
(10375,32,26,20,14,8,2,3)
(10376,5,4,3,2,1,7,13,19,25)
(10377,36,30,24,18,12,6,5,4)
(10378,12,11,10,9,15,21,27,33)
(10379,15,16,22,28,34)
(10380,12,11,10,9,8,7,13,19,25,31)
(10381,8,7,13,19,25,31)
(10382,25,19,13,7,1,2,3,4)
(10383,9,15,21,27)
(10384,27,21,15,9,3)
(10385,3,9,15,21,27)
(10386,10,9,8,7,13,19,25,31)
(10387,7,8,14,20,26)
(10388,11,10,16,22,28,34)
(10389,22,16,10,4,3)
(10390,23,17,11,5,4,3,2)
(10391,28,22,16,10,4,3,2,1)
(10392,30,24,18,12,11,10)
(10393,3,9,15,21)
(10394,30,24,18,12)
(10395,16,17,23,29,35)
(10396,18,24,30,36)
(10397,26,20,14,8,2,3,4,5)
(10398,13,19,25,31)
(10399,19,13,7,1)
(10400,33,27,21,15,9,8)
(10401,19,13,7,1)
(10402,32,26,20,14,8,7)
(10403,17,18,24,30,36)
(10404,14,15,16,22,28,34)
(10405,2,3,4,10,16,22,28,34)
(10406,26,20,14,8,2,3)
(10407,3,2,1,7,13,19,25,31)
(10408,21,15,9,3,2,1)
(10409,16,17,18,24,30,36)
(10410,27,21,15,9,3,4,5)
(10411,30,24,18,12,6,5,4)
(10412,14,20,26,32)
(10413,10,9,8,14,20,26,32)
(10414,33,27,21,15,14,13)
(10415,19,13,7,1)
(10416,9,10,16,22,28)
(10417,18,24,30,36)
(10418,17,23,29,35)
(10419,16,17,18,24,30,36)
(10420,18,24,30,36)
(10421,9,10,11,12,18,24,30)
(10422,24,18,12,6,5,4,3)
(10423,17,23,29,35)
(10424,26,20,14,8)
(10425,13,14,15,16,17,23,29,35)
(10426,32,26,20,14,8,2,3,4,5)
(10427,32,26,20,14,8,9,10,11,12)
(10428,8,9,15,21,27,33)
(10429,14,15,16,22,28,34)
(10430,6,12,18,24,30,36)
(10431,31,25,19,13,7,8,9,10)
(10432,26,20,14,8)
(10433,18,24,30,36)
(10434,2,3,4,5,6,12,18,24,30,36)
(10435,21,15,9,3)
(10436,7,8,14,20,26)
(10437,33,27,21,15,9)
(10438,4,5,11,17,23,29,35)
(10439,23,17,11,5,4)
(10440,22,16,10,4,3,2)
(10441,5,4,3,2,1,7,13,19,25)
(10442,22,16,10,4)
(10443,29,23,17,11,10,9,8,7)
(10444,33,27,21,15,9,3,4,5)
(10445,18,24,30,36)
(10446,32,26,20,14,13)
(10447,26,20,14,8,2)
(10448,11,17,23,29)
(10449,25,19,13,7,1)
(10450,26,20,14,8,2,3,4)
(10451,33,27,21,15,9,3,4)
(10452,14,15,16,17,23,29,35)
(10453,33,27,21,15,9,3,2)
(10454,8,9,10,11,12,18,24,30)
(10455,11,10,9,8,7,13,19,25,31)
(10456,11,12,18,24,30)
(10457,8,9,15,21,27)
(10458,35,29,23,17,16)
(10459,13,14,15,16,22,28,34)
(10460,11,17,23,29,35)
(10461,35,29,23,17,11,10,9,8,7)
(10462,3,9,15,21)
(10463,15,16,22,28,34)
(10464,13,14,15,16,22,28,34)
(10465,23,17,11,5,4,3)
(10466,7,8,14,20,26)
(10467,7,8,14,20,26)
(10468,35,29,23,17,11,10,9,8)
(10469,30,24,18,12,6,5,4,3,2)
(10470,17,18,24,30,36)
(10471,25,19,13,7,1)
(10472,28,22,16,10,4)
(10473,27,21,15,9,8)
(10474,16,22,28,34)
(10475,19,13,7,1)
(10476,7,8,9,10,11,12,18,24,30,36)
(10477,13,14,15,21,27,33)
(10478,34,28,22,16,10,4,3,2)
(10479,11,12,18,24,30,36)
(10480,24,18,12,6)
(10481,36,30,24,18,17,16,15,14,13)
(10482,5,6,12,18,24,30,36)
(10483,3,4,10,16,22)
(10484,12,11,10,9,8,7,13,19,25,31)
(10485,9,10,11,17,23,29,35)
(10486,33,27,21,15,9,10,11,12)
(10487,16,17,23,29,35)
(10488,14,15,16,22,28,34)
(10489,4,5,6,12,18,24)
(10490,27,21,15,9,3,2)
(10491,36,30,24,18,12,6,5,4,3,2)
(10492,3,2,8,14,20,26,32)
(10493,19,13,7,1)
(10494,12,11,17,23,29,35)
(10495,35,29,23,17,16,15)
(10496,33,27,21,15,9,10,11,12)
(10497,27,21,15,9,3,4)
(10498,23,17,11,5,4,3,2,1)
(10499,11,10,16,22,28,34)
(10500,25,19,13,7,1,2,3,4)
(10501,17,18,24,30,36)
(10502,20,14,8,2)
(10503,17,18,24,30,36)
(10504,1,2,3,4,10,16,22,28)
(10505,32,26,20,14,13)
(10506,11,10,16,22,28,34)
(10507,27,21,15,9,3,4,5,6)
(10508,22,16,10,4,3,2,1)
(10509,2,8,14,20)
(10510,28,22,16,10,9,8,7)
(10511,13,14,15,16,17,23,29,35)
