#(carId,StartTime,RoadId...)
(10000,33,34,28,22,16,10,11)
(10001,27,21,20,14,13,7)
(10002,29,23,17,11,5)
(10003,4,10,16,22,28)
(10004,2,8,14,20,21)
(10005,6,12,11,10,16,22,28,34,33)
(10006,29,23,22,16,10,9)
(10007,23,17,11,5)
(10008,7,13,14,20,21,22,23,29,30,36)
(10009,14,20,26,32,33)
(10010,7,13,14,20,21,22,28)
(10011,29,23,22,16,10,9,8,2)
(10012,2,8,14,20,21)
(10013,27,21,20,14,8)
(10014,32,26,20,14,8,9,10,11,12)
(10015,9,15,21,27)
(10016,35,29,23,22,16)
(10017,3,9,15,21,27,33)
(10018,25,26,20,14,8,9,3,4,5)
(10019,20,14,8,2,1)
(10020,26,20,14,8,9,3,4)
(10021,32,26,20,14,8,9,3,4)
(10022,12,18,24,30,36)
(10023,5,4,10,16,22,28,34)
(10024,8,14,20,26)
(10025,31,25,26,20,14,8,9,3,4,5)
(10026,3,9,15,21,27,33)
(10027,3,9,10,16,22,23,29,30)
(10028,1,2,8,9,10,16,22,23,29)
(10029,15,21,27,33)
(10030,2,8,9,10,16,22,23,24)
(10031,23,22,16,10,4)
(10032,34,28,22,21,20,14,13)
(10033,12,18,24,30)
(10034,22,16,10,9,8,2,1)
(10035,36,30,29,23,22,16,10,9,8,2,1)
(10036,20,14,8,2)
(10037,17,23,29,30,36)
(10038,22,16,10,9,3)
(10039,16,22,23,29,35)
(10040,20,14,8,2)
(10041,14,20,26,32,33)
(10042,21,20,14,8,2)
(10043,32,26,20,14,8,9,3)
(10044,31,25,19,13)
(10045,17,23,29,30,36)
(10046,29,23,22,16,10,9)
(10047,29,23,17,11,5)
(10048,3,9,10,16,22,28,34)
(10049,24,18,12,11,10,9,8,2,1)
(10050,33,32,26,20,14,13)
(10051,16,22,28,34)
(10052,3,9,8,14,20,26,25,31)
(10053,6,12,11,10,16,22,21,27)
(10054,30,24,18,12)
(10055,17,23,29,35)
(10056,22,16,10,9,3)
(10057,31,25,26,20,14,8,9,10)
(10058,27,21,20,14,8,2,1)
(10059,34,28,22,21,20,14)
(10060,2,8,14,20,21,27)
(10061,26,20,14,13,7)
(10062,14,20,21,22,23,29,35)
(10063,12,18,24,30)
(10064,14,20,26,32,33)
(10065,12,11,10,16,22,28,34,33)
(10066,30,24,18,12,6)
(10067,30,29,23,22,16,10)
(10068,10,9,8,14,20,26,32)
(10069,31,25,26,20,14,8,9,3,4)
(10070,21,15,9,3)
(10071,23,17,11,5)
(10072,12,18,24,30)
(10073,27,21,20,14,13,7)
(10074,25,26,20,14,8,2)
(10075,8,9,10,16,22,23,29)
(10076,6,12,11,10,9,8,14,20,26)
(10077,4,3,9,8,14,20,26)
(10078,32,26,20,14,8)
(10079,9,8,14,20,26,32)
(10080,16,22,23,29,35)
(10081,10,16,22,23,29,30)
(10082,19,13,7,1)
(10083,12,11,10,9,8,14,20,26,32)
(10084,28,22,16,10,4)
(10085,16,22,23,29,35)
(10086,16,22,23,29,35)
(10087,34,28,22,16,10)
(10088,23,22,16,10,4)
(10089,36,30,29,23,22,21,20,14,13,7)
(10090,12,18,24,30)
(10091,34,28,22,16,10,9)
(10092,3,9,10,16,22,28,34)
(10093,27,21,22,16,10,11,12,6)
(10094,31,25,19,13,7)
(10095,8,14,20,26,32,33)
(10096,16,22,23,29,30,36)
(10097,16,22,28,34)
(10098,27,21,15,9)
(10099,18,24,30,36)
(10100,21,20,14,8,2)
(10101,11,12,18,24,30)
(10102,29,23,22,16,10,9)
(10103,17,23,29,35)
(10104,32,26,20,14,8,9,3)
(10105,11,10,9,8,14,20,26,32)
(10106,10,16,22,23,29,35)
(10107,29,23,17,11,12,6)
(10108,19,13,7,1)
(10109,23,22,16,10,9,8,2,1)
(10110,26,20,14,8,9,3,4)
(10111,19,13,7,1)
(10112,20,14,8,2)
(10113,23,22,16,10,9,8,2,1)
(10114,31,25,26,20,14,8,9)
(10115,10,16,22,23,29,30)
(10116,9,15,21,27)
(10117,26,20,14,8,2)
(10118,25,26,20,14,8,2)
(10119,23,17,11,5)
(10120,20,14,8,2,1)
(10121,26,20,14,8)
(10122,29,23,22,16,10,4)
(10123,4,10,16,22,28,34,33)
(10124,21,15,9,3)
(10125,13,14,20,26,32)
(10126,6,12,11,10,16,22,28,34)
(10127,24,18,12,11,5,4)
(10128,17,23,29,35)
(10129,5,4,3,9,8,14,20,26)
(10130,21,15,9,3)
(10131,1,7,13,19,25,31)
(10132,23,22,16,10,9,8,2)
(10133,33,34,28,22,16,10,4,5)
(10134,16,22,23,29,30,36)
(10135,25,19,13,7)
(10136,19,13,7,1)
(10137,6,12,18,24,30)
(10138,6,12,11,10,16,22,28,34,33)
(10139,7,13,19,25)
(10140,3,9,15,21,27)
(10141,34,28,22,16,15)
(10142,7,13,14,20,21,22,23,29,30)
(10143,7,13,19,25)
(10144,4,10,16,22,23,29,30,36)
(10145,15,16,22,23,29,30,36)
(10146,1,2,8,14,20,21,27)
(10147,22,16,10,4)
(10148,3,9,10,16,22,23)
(10149,20,14,8,2)
(10150,7,13,14,20,26)
(10151,21,20,14,8,2,1)
(10152,5,4,10,16,22,21,27)
(10153,24,18,12,11,5,4)
(10154,26,20,14,8,9,3,4)
(10155,21,15,9,3)
(10156,21,20,14,8,2)
(10157,3,9,10,16,22,23)
(10158,11,10,9,8,14,20,26,32)
(10159,27,21,20,14,8,2,1)
(10160,14,20,21,22,28,34)
(10161,8,9,10,16,22,23,29,30)
(10162,21,20,14,8,2,1)
(10163,29,23,22,16,10,9,8,2,1)
(10164,31,25,19,13,7)
(10165,35,29,23,22,21,20,14)
(10166,8,14,20,26,25,31)
(10167,4,10,16,22,23,24)
(10168,5,4,3,9,8,14,20,26)
(10169,33,32,26,20,14,8,9)
(10170,10,16,22,28,34)
(10171,6,12,11,10,16,22,28)
(10172,21,15,9,3)
(10173,25,26,20,14,8,9,3)
(10174,8,9,10,16,22,23,29)
(10175,28,22,16,10,9,8,2)
(10176,9,10,16,22,28,34)
(10177,18,24,30,36)
(10178,20,14,8,2)
(10179,7,13,14,20,26)
(10180,32,26,20,14,8,2)
(10181,3,9,10,16,22,23)
(10182,4,3,9,8,14,20,26,32)
(10183,22,16,10,4)
(10184,31,25,19,13,7)
(10185,14,20,26,32,33)
(10186,34,28,22,21,20,14,13)
(10187,14,20,21,22,28,34)
(10188,12,11,10,16,22,28,34)
(10189,16,22,28,34)
(10190,30,29,23,17,11,5)
(10191,14,20,21,22,28,34)
(10192,7,13,19,25,31)
(10193,25,19,13,7,1)
(10194,23,17,11,5)
(10195,15,16,22,23,29,35)
(10196,6,12,11,10,16,22,28,34,33)
(10197,21,20,14,8,2,1)
(10198,36,30,24,18,12)
(10199,31,25,26,20,14,8,9,3,4)
(10200,5,4,3,9,8,14,20,26)
(10201,21,20,14,8,2)
(10202,15,16,22,23,29,30,36)
(10203,13,14,20,21,22,23,29,35)
(10204,11,17,23,29,35)
(10205,9,10,16,22,23,29)
(10206,6,12,11,10,9,8,14,20,26,32)
(10207,34,28,22,16,10,4)
(10208,28,22,16,10,4,5)
(10209,32,26,20,14,8,9,10,11,12)
(10210,23,22,16,10,9,3)
(10211,8,9,10,16,22,28)
(10212,23,22,16,10,9,8,2)
(10213,28,22,16,10,9,3)
(10214,34,28,22,16,10,9,8,2,1)
(10215,27,21,20,14,13,7)
(10216,21,15,9,3)
(10217,13,14,20,21,22,23,29,35)
(10218,7,13,14,20,26,32,33)
(10219,32,26,20,14,13)
(10220,15,16,22,23,29,35)
(10221,3,9,10,16,22,23,29,35)
(10222,28,22,16,10,9,8)
(10223,5,4,10,16,22,21,27)
(10224,17,23,29,30,36)
(10225,36,30,29,23,17,11,5)
(10226,13,14,20,21,22,23,29,30,36)
(10227,17,23,29,35)
(10228,16,22,23,29,30,36)
(10229,1,2,8,14,20,21,27)
(10230,7,13,14,20,21,22,23,29,30,36)
(10231,32,26,20,14,8,9)
(10232,14,20,21,22,23,29,35)
(10233,15,16,22,28,34)
(10234,17,23,29,30,36)
(10235,19,13,7,1)
(10236,3,9,15,21,27)
(10237,17,23,29,35)
(10238,35,36,30,24,18,12)
(10239,2,8,9,10,16,22,23,29,35)
(10240,31,25,26,20,14,8,9,10)
(10241,2,8,9,10,16,22,23,29,35)
(10242,3,9,10,16,22,23)
(10243,20,14,8,2)
(10244,19,13,7,1)
(10245,14,20,26,32,33)
(10246,21,20,14,8,2,1)
(10247,7,13,14,20,21,27)
(10248,4,3,9,8,14,20,26,25,31)
(10249,20,14,8,2)
(10250,20,14,8,2)
(10251,24,18,12,11,10,9,3)
(10252,12,11,10,16,22,28,34)
(10253,21,20,14,8,2)
(10254,23,22,16,10,9,8,2,1)
(10255,35,36,30,24,18,12)
(10256,30,29,23,22,16,10)
(10257,7,13,14,20,26,32)
(10258,14,20,21,22,23,29,35)
(10259,14,20,21,22,23,29,35)
(10260,9,8,14,20,26,25,31)
(10261,7,13,14,20,26)
(10262,2,8,9,10,16,22,28,34)
(10263,12,11,10,9,8,14,20,26,25,31)
(10264,19,13,7,1)
(10265,34,28,22,16,10,4,5)
(10266,33,32,26,20,14,8,2)
(10267,4,10,16,22,28)
(10268,30,29,23,17,11,5)
(10269,27,21,22,16,10,11,12,6)
(10270,22,16,10,9,8,2)
(10271,13,14,20,21,22,23,29,30,36)
(10272,33,27,21,15)
(10273,3,9,10,16,22,28,34)
(10274,21,20,14,8,2)
(10275,32,26,20,14,8)
(10276,9,10,16,22,23,29,30,36)
(10277,4,10,16,22,23,29,35)
(10278,35,29,23,22,16,10,9)
(10279,20,14,8,2)
(10280,12,18,24,30,36,35)
(10281,9,10,16,22,23,29,30,36)
(10282,25,26,20,14,8,9,10,11,12,6)
(10283,9,10,16,22,23,29)
(10284,10,16,22,23,29)
(10285,23,22,16,10,9,8,2,1)
(10286,13,14,20,26,32)
(10287,35,29,23,22,16,10,9,3)
(10288,14,20,21,22,23,29,30,36)
(10289,14,20,21,22,28,34)
(10290,11,17,23,29,35)
(10291,22,16,10,9,3)
(10292,5,4,10,16,22,21,27)
(10293,32,26,20,14,8)
(10294,31,25,19,13,7)
(10295,26,20,14,8,9,3)
(10296,30,29,23,17,11)
(10297,24,18,12,11,5,4)
(10298,14,20,21,22,23,29,35)
(10299,7,13,14,20,21,22,23,29,30)
(10300,32,26,20,14,13)
(10301,34,28,22,16,10)
(10302,12,11,10,16,22,28,34,33)
(10303,35,29,23,22,16,10,9,8)
(10304,1,2,8,14,20,26,32,33)
(10305,26,20,14,8,9,10,11,12,6)
(10306,6,12,18,24,23,29)
(10307,22,16,10,9,3)
(10308,33,32,26,20,14,13,7)
(10309,15,16,22,23,29,30,36)
(10310,27,21,22,16,10,4,5)
(10311,9,10,16,22,28)
(10312,5,4,10,16,22,28)
(10313,19,13,7,1)
(10314,4,10,16,22,28,34)
(10315,5,11,12,18,24)
(10316,33,32,26,20,14,8,9,3)
(10317,28,22,16,10,9,8)
(10318,26,20,14,8,9,10,11,12,6)
(10319,20,14,8,2)
(10320,5,4,10,16,22,28,34)
(10321,16,22,28,34)
(10322,25,26,20,14,8,2)
(10323,35,29,23,22,16,10,9,3)
(10324,16,22,28,34)
(10325,27,21,22,16,10,4,5)
(10326,12,18,24,30,36,35)
(10327,31,25,26,20,14,8,9,10,11,12)
(10328,32,26,20,14,8,9,10,11,12)
(10329,6,12,11,10,9,8,14,20,26,32)
(10330,10,16,22,28,34,33)
(10331,36,30,29,23,22,16,10,9,8,2)
(10332,33,34,28,22,16,10)
(10333,11,10,16,22,28,34)
(10334,10,16,22,28,34)
(10335,11,17,23,29)
(10336,18,24,30,36)
(10337,11,17,23,29,35)
(10338,7,13,14,20,21,22,28,34)
(10339,10,9,8,14,20,26,32)
(10340,27,21,20,14,8,2,1)
(10341,36,30,24,18)
(10342,35,36,30,24,18,12,6)
(10343,5,11,17,23,29)
(10344,27,21,20,14,8)
(10345,2,8,9,10,16,22,28)
(10346,7,13,14,20,21,22,23,29)
(10347,12,11,10,16,22,28,34,33)
(10348,14,20,21,22,23,29,35)
(10349,29,23,22,21,20,14,13,7)
(10350,6,12,18,24,23,29)
(10351,36,30,24,18,12,6)
(10352,36,30,24,18,12,6)
(10353,3,9,8,14,20,26,32)
(10354,28,22,16,10)
(10355,18,24,30,36)
(10356,11,12,18,24,30,36)
(10357,12,11,10,16,22,28,34,33)
(10358,35,29,23,22,21,20,14,13)
(10359,9,10,16,22,23,29,35)
(10360,25,26,20,14,8,9,10,11,12,6)
(10361,18,24,30,36)
(10362,10,16,22,28)
(10363,24,18,12,11,10,9,3)
(10364,21,20,14,8,2)
(10365,14,20,26,32)
(10366,36,30,29,23,22,16,10,9,3)
(10367,21,20,14,8,2,1)
(10368,21,15,9,3)
(10369,9,15,21,27,33)
(10370,1,7,13,19)
(10371,1,2,8,14,20,26,32,33)
(10372,9,10,16,22,28)
(10373,26,20,14,8,9,3,4,5)
(10374,25,19,13,7)
(10375,28,22,16,10,9,3)
(10376,10,16,22,23,29,30,36)
(10377,23,22,16,10,4)
(10378,34,28,22,16,10,9,3)
(10379,29,23,22,16,10,9)
(10380,31,25,26,20,14,8,9,10)
(10381,9,10,16,22,23,29)
(10382,29,23,22,16,10,9,8)
(10383,18,24,30,36)
(10384,11,10,9,8,14,20,26,32)
(10385,18,24,30,36)
(10386,30,29,23,22,21,20,14,13,7)
(10387,31,25,26,20,14,8,9,10)
(10388,1,2,8,9,10,16,22,28)
(10389,27,21,20,14,8,2,1)
(10390,29,23,22,16,10,9,8,2,1)
(10391,5,4,3,9,8,14,20,26,25,31)
(10392,20,14,8,2)
(10393,3,9,8,14,20,26,25,31)
(10394,1,2,8,9,10,16,22,23,29,30)
(10395,29,23,17,11)
(10396,33,34,28,22,16,10,4,5)
(10397,33,34,28,22,16,10,4,5)
(10398,32,26,20,14,8,2,1)
(10399,10,16,22,23,29,30)
(10400,18,24,30,36)
(10401,36,30,29,23,22,16,15)
(10402,32,26,20,14,8,9,10,11)
(10403,14,20,26,32,33)
(10404,22,16,10,9,8,2,1)
(10405,32,26,20,14)
(10406,23,22,16,10,9,8,2)
(10407,6,12,18,24,30)
(10408,14,20,26,32)
(10409,29,23,22,16,10,4)
(10410,7,13,19,25,31)
(10411,22,16,10,9,3)
(10412,25,26,20,14,8,2)
(10413,34,28,22,16,10,11,12)
(10414,27,21,15,9)
(10415,33,32,26,20,14,13)
(10416,1,2,8,14,20,26,32)
(10417,5,11,17,23,29)
(10418,15,21,27,33)
(10419,35,29,23,17,11,5)
(10420,23,22,16,10,4)
(10421,21,20,14,8,2,1)
(10422,30,29,23,22,21,20,14,13,7)
(10423,8,14,20,26,32,33)
(10424,31,25,26,20,14,8,9,10,11,12,6)
(10425,6,12,11,10,16,22,28)
(10426,4,3,9,8,14,20,26,25,31)
(10427,31,25,26,20,14,8,9,10,11,12,6)
(10428,26,20,14,8,2,1)
(10429,26,20,14,8,9,3,4)
(10430,31,25,26,20,14,8,9)
(10431,2,8,14,20,26,32,33)
(10432,20,14,8,2)
(10433,6,12,11,10,9,8,14,20,26)
(10434,10,9,8,14,20,26,32)
(10435,2,8,9,10,16,22,23)
(10436,10,16,22,23,29,30)
(10437,17,23,29,30,36)
(10438,20,14,8,2,1)
(10439,29,23,22,16,10,9,8,2)
(10440,18,24,30,36)
(10441,11,12,18,24,30)
(10442,1,2,8,14,20,26,32,33)
(10443,11,10,9,8,14,20,26,25,31)
(10444,20,14,8,2)
(10445,27,21,22,16,10,4,5)
(10446,30,29,23,22,16,10,9,8,2,1)
(10447,23,22,16,10,9,8,2)
(10448,25,26,20,14,8,9,3,4)
(10449,35,29,23,22,21,20,14,13,7)
(10450,11,12,18,24,30,36)
(10451,16,22,23,29,35)
(10452,15,16,22,23,29,30,36)
(10453,21,20,14,8,2)
(10454,5,4,3,9,8,14,20,26,25,31)
(10455,9,8,14,20,26,25,31)
(10456,33,32,26,20,14,13)
(10457,12,11,10,9,8,14,20,26,32)
(10458,27,21,15,9,3)
(10459,24,18,12,11,10,9,8,2,1)
(10460,24,18,12,11,10,9,8,2)
(10461,5,4,3,9,8,14,20,26,25,31)
(10462,15,21,27,33)
(10463,10,16,22,23,29,30,36)
(10464,2,8,9,10,16,22,23,29)
(10465,16,22,23,29,35)
(10466,16,22,23,29,30,36)
(10467,18,24,30,36)
(10468,5,4,10,16,22,28)
(10469,24,18,12,11,10,9,3)
(10470,22,16,10,9,8,2,1)
(10471,32,26,20,14,8,2,1)
(10472,16,22,28,34)
(10473,16,22,23,29,30,36)
(10474,8,9,10,16,22,23,29)
(10475,29,23,17,11,5)
(10476,32,26,20,14,8,2)
(10477,26,20,14,8,9,3,4,5)
(10478,2,8,9,10,16,22)
(10479,32,26,20,14,13,7)
(10480,10,16,22,28,34)
(10481,21,20,14,8,2,1)
(10482,20,14,8,2,1)
(10483,8,9,10,16,22,23,29,30,36)
(10484,32,26,20,14)
(10485,14,20,21,22,28,34)
(10486,6,12,18,24,30)
(10487,18,24,30,36)
(10488,13,19,25,31)
(10489,14,20,26,32,33)
(10490,17,23,29,35)
(10491,36,30,24,18)
(10492,28,22,16,10,11,12,6)
(10493,33,32,26,20,14,8,2)
(10494,7,13,14,20,21,22,28)
(10495,18,24,30,36)
(10496,35,29,23,22,21,20,14,13,7)
(10497,17,23,29,30,36)
(10498,30,29,23,22,16,10,9,3)
(10499,34,28,22,16,10,9)
(10500,31,25,19,13)
(10501,31,25,26,20,14,8,9,10)
(10502,21,15,9,3)
(10503,9,10,16,22,23,29,35)
(10504,18,24,30,36)
(10505,6,12,18,24,30,36)
(10506,11,12,18,24,30)
(10507,21,20,14,8,2)
(10508,26,20,14,8,9,3,4,5)
(10509,13,19,25,31)
(10510,15,16,22,23,29,35)
(10511,33,32,26,20,14,8,9,3)
