#(carId,StartTime,RoadId...)
(10000,26,20,14,8,2)
(10001,14,15,21,27,33)
(10002,30,29,28,22,16,15,9,8)
(10003,16,22,28,34)
(10004,9,15,21,27,33)
(10005,3,9,15,21,27)
(10006,3,9,8,14,13,19,25,31)
(10007,4,10,16,22,28,27,33,32)
(10008,18,24,30,36)
(10009,12,11,17,23,29,35)
(10010,35,29,28,22,16,15,9,8)
(10011,15,21,27,33)
(10012,36,35,29,28,22,16,15,14)
(10013,32,26,20,14)
(10014,15,21,22,28,34)
(10015,2,8,9,10,16,22)
(10016,16,22,28,29,35)
(10017,34,33,32,26,25,19,13,7)
(10018,19,13,7,1)
(10019,11,17,23,22,28,27,33,32)
(10020,33,27,21,15,9,8,2)
(10021,11,17,23,22,28,27,33)
(10022,31,25,19,13,7,1)
(10023,21,15,9,3)
(10024,20,14,8,7,1)
(10025,3,9,8,14,20,26)
(10026,16,22,28,29,30,36)
(10027,15,21,22,28,29,35)
(10028,28,22,16,10,4,3,2)
(10029,25,19,13,7,1)
(10030,30,29,28,22,16,10,4,3,2)
(10031,17,23,29,35)
(10032,20,14,8,7,1)
(10033,11,17,23,29,35)
(10034,16,22,28,34)
(10035,33,27,28,22,16,10,11)
(10036,31,25,19,20,14,8,9)
(10037,25,19,20,14,8,9,10,4,5)
(10038,36,35,29,28,22,16)
(10039,16,22,28,29,30,36)
(10040,22,16,10,4,3)
(10041,7,8,9,10,16,22,28,34)
(10042,22,16,10,4,3,2)
(10043,13,19,25,26,32,33,34,35)
(10044,31,25,19,20,14,8,9,10,4)
(10045,32,33,27,28,22,16,10,4,3)
(10046,1,7,13,19,25)
(10047,34,28,22,16,10,4,5,6)
(10048,19,13,7,1)
(10049,28,22,16,10,4,3)
(10050,28,22,16,15,9,8,7,1)
(10051,14,15,21,22,28,29,30,36)
(10052,27,28,22,16,10,4,5)
(10053,10,16,22,28,27,33,32,31)
(10054,4,10,16,22,28,27,33,32,31)
(10055,23,17,16,10,4)
(10056,12,11,17,23,22,28,27,33,32,31)
(10057,24,18,17,16,10,4,3)
(10058,3,9,8,14,13,19,25,31)
(10059,4,10,16,22,23)
(10060,21,15,9,3)
(10061,26,20,14,8,2)
(10062,35,29,28,22,16)
(10063,30,24,18,12)
(10064,12,18,24,30)
(10065,26,27,28,22,16,10,4,5)
(10066,3,4,10,16,22,28,29,35)
(10067,18,24,30,36)
(10068,9,15,21,27)
(10069,1,7,8,14,20,26,32)
(10070,34,28,22,16,15)
(10071,13,19,25,26,32,33,34)
(10072,10,16,22,28)
(10073,21,15,9,8,2)
(10074,36,35,29,28,22,16,10,11)
(10075,10,16,22,28,29,35)
(10076,12,11,17,23,22,28,27,33,32)
(10077,36,35,29,28,22,16,10,4,3)
(10078,6,5,4,10,16,22,28,34)
(10079,23,17,16,10,4,3,2)
(10080,13,19,25,26,32,33)
(10081,12,11,17,23,29,35)
(10082,19,13,7,1)
(10083,3,9,15,21,27,33)
(10084,20,14,8,7,1)
(10085,2,8,9,10,16,22,28,29)
(10086,16,22,28,34)
(10087,30,29,28,22,16,15,9,8,7,1)
(10088,24,18,12,6)
(10089,19,13,7,1)
(10090,2,8,9,10,16,22)
(10091,28,22,16,10,4,3)
(10092,3,4,10,16,22,28)
(10093,15,21,22,28,34)
(10094,13,19,25,26,32,33,34)
(10095,14,15,21,22,28,34)
(10096,13,19,25,26,32,33,34,35,36)
(10097,2,8,14,20,26)
(10098,14,15,21,22,28,34)
(10099,19,13,7,1)
(10100,35,29,28,22,16,15,9,8)
(10101,17,23,29,35)
(10102,1,7,8,9,10,16,22,28,34)
(10103,36,35,34,33,32,26,25,19,13,7,1)
(10104,17,23,29,35)
(10105,17,23,29,35)
(10106,29,28,22,16,10,11)
(10107,35,29,28,22,16,10,11)
(10108,15,21,22,28,29,30,36)
(10109,34,28,22,16,10,4,5)
(10110,15,21,22,28,29,30,36)
(10111,32,33,27,28,22,16,10,4)
(10112,25,19,20,14,8,9,10,4)
(10113,34,33,32,26,25,19,13,7)
(10114,10,16,22,28,27,33,32,31)
(10115,25,19,20,14,8,9,3)
(10116,3,9,8,14,13,19,25,31)
(10117,8,14,20,26,32)
(10118,6,5,4,10,16,22,28,27,33,32)
(10119,13,19,25,31)
(10120,25,19,20,14,8,2)
(10121,11,17,23,29,30)
(10122,30,29,28,22,16,10,4,3)
(10123,11,17,23,22,28,27,33,32,31)
(10124,1,7,8,9,10,16,22,23)
(10125,27,28,22,16,10,4,5,6)
(10126,34,28,22,16,15,14)
(10127,3,9,15,21,27)
(10128,17,23,29,30,36)
(10129,3,9,15,21)
(10130,14,20,26,32)
(10131,28,22,16,15,9,8,7,1)
(10132,7,8,9,10,16,22,28)
(10133,11,17,23,29,35)
(10134,27,28,22,16,10,4,5,6)
(10135,21,15,9,3)
(10136,21,15,9,8,2)
(10137,3,9,15,21)
(10138,9,15,21,27)
(10139,25,19,13,7)
(10140,18,24,30,36)
(10141,5,11,17,23,29)
(10142,4,10,16,22,28,29,30)
(10143,30,29,28,22,16,10,4,5)
(10144,32,26,25,19,13,7)
(10145,12,11,17,23,22,28,27,33)
(10146,32,33,27,28,22,16,10,4,5)
(10147,2,8,9,10,16,22,23,24)
(10148,18,24,30,36)
(10149,7,8,9,10,16,22,28,29)
(10150,16,22,28,29,30,36)
(10151,4,10,16,22)
(10152,21,15,9,3)
(10153,7,8,9,10,16,22,28,29,30)
(10154,3,4,10,16,22,23)
(10155,21,15,9,8,7,1)
(10156,8,14,13,19,25,31)
(10157,33,27,28,22,16,10,4,3)
(10158,30,29,28,22,16,10,11)
(10159,5,4,10,16,22,28,27)
(10160,5,4,10,16,22,28,34)
(10161,12,11,17,23,22,28,27,33,32)
(10162,10,16,22,28,27,33,32)
(10163,29,28,22,16,15,9)
(10164,28,22,16,10)
(10165,24,18,17,16,10,4,3,2)
(10166,20,14,8,7,1)
(10167,13,19,25,26,32)
(10168,4,10,16,22,28,27,33,32,31)
(10169,17,23,29,30,36)
(10170,10,16,22,28,27,33)
(10171,4,10,16,22,28,29,35)
(10172,34,28,22,16,10,11)
(10173,31,25,19,20,14,8,9,10,4,5)
(10174,34,28,22,16,10,4,3,2)
(10175,10,16,22,28,27,33)
(10176,30,29,28,22,16,10,4,5)
(10177,24,18,17,16,10,4,3,2)
(10178,2,8,9,10,16,22,28)
(10179,26,25,19,13,7)
(10180,14,15,21,27,33)
(10181,18,24,30,36)
(10182,4,10,16,22,28,29,30,36)
(10183,17,23,29,35)
(10184,20,14,8,7,1)
(10185,12,18,24,30)
(10186,3,9,15,21,27,33)
(10187,34,28,22,16,10,4,3,2)
(10188,10,16,22,28,27,33,32,31)
(10189,1,7,8,9,10,16,22,28,29,30,36)
(10190,3,4,10,16,22,28,34)
(10191,15,21,27,33)
(10192,3,9,15,21,27)
(10193,29,28,22,16,15,9)
(10194,36,30,24,18,12,6)
(10195,7,13,19,25)
(10196,7,8,9,10,16,22,28,29,30)
(10197,9,8,14,13,19,25,31)
(10198,35,29,28,22,16,10,4)
(10199,36,35,29,23,17)
(10200,5,11,17,23,29,30)
(10201,32,33,27,21,15,9)
(10202,22,16,10,4,3,2)
(10203,7,13,19,25)
(10204,11,17,23,22,28,27,33,32)
(10205,22,16,10,4,3)
(10206,1,7,8,9,10,16,22)
(10207,36,35,29,28,22,16,10,11)
(10208,14,20,26,32)
(10209,15,21,27,33)
(10210,3,9,8,14,13,19,25)
(10211,30,24,18,12,6)
(10212,4,10,16,22,28,27)
(10213,8,9,10,16,22,28)
(10214,31,25,19,20,14,8,9,10)
(10215,4,10,16,22,28,27,33,32)
(10216,15,21,22,28,34)
(10217,3,4,10,16,22)
(10218,21,15,9,8,2)
(10219,4,10,16,22,28,27,33,32,31)
(10220,33,27,21,15,9,8,2)
(10221,18,24,30,36)
(10222,22,16,10,4)
(10223,15,21,22,28,29,35)
(10224,21,15,9,3)
(10225,18,24,30,36)
(10226,28,22,16,15,9,8)
(10227,14,15,21,22,28,29,30,36)
(10228,15,21,27,33)
(10229,31,25,19,13,7,1)
(10230,28,22,16,10,4,3)
(10231,26,25,19,13,7,1)
(10232,2,8,9,10,16,22,23)
(10233,9,10,16,22,28,29,30)
(10234,30,29,28,22,16,15,9,8,7,1)
(10235,11,17,23,22,28,27,33,32,31)
(10236,21,15,9,8,2)
(10237,17,23,29,35)
(10238,22,16,10,4,3)
(10239,7,8,9,15,21,27,33)
(10240,32,33,27,28,22,16,10,4,5,6)
(10241,7,8,9,10,16,22,28,29,30)
(10242,2,8,9,10,16,22,28,29)
(10243,27,21,15,9,8)
(10244,35,29,28,22,16,10,4,5)
(10245,2,8,9,10,16,22,28,29,30)
(10246,33,32,26,25,19,13)
(10247,9,10,16,22,28,29)
(10248,13,19,25,26,32)
(10249,28,22,16,10,4,5)
(10250,31,25,19,20,14,8,9,10,11)
(10251,16,22,28,34)
(10252,32,33,27,28,22,16,10)
(10253,20,14,8,2)
(10254,3,4,10,16,22)
(10255,29,28,22,16,10,4,3,2)
(10256,27,21,15,9,8)
(10257,27,28,22,16,10,4,5,6)
(10258,13,19,25,26,32)
(10259,14,15,21,22,28,29,35)
(10260,26,20,14,8)
(10261,14,15,21,22,28,29,30,36)
(10262,11,17,23,22,28,34)
(10263,8,14,20,26)
(10264,32,26,20,14)
(10265,17,23,29,35)
(10266,19,13,7,1)
(10267,18,24,30,36)
(10268,3,4,10,16,22,23)
(10269,21,15,9,8,2)
(10270,16,22,28,29,30,36)
(10271,27,21,15,9,8)
(10272,16,22,28,34)
(10273,2,8,9,10,16,22,28,34)
(10274,33,27,28,22,16,10,4)
(10275,2,8,9,15,21)
(10276,31,25,19,20,14,8,9)
(10277,1,7,8,14,20,26)
(10278,20,14,8,7,1)
(10279,18,24,30,36)
(10280,6,12,18,24,30,36)
(10281,11,17,23,29,35)
(10282,11,17,23,22,28,27,33)
(10283,28,22,16,10,4,3)
(10284,28,22,16,10,4,3)
(10285,14,15,21,27,33)
(10286,11,17,23,22,28,27,33)
(10287,4,10,16,22,28,34)
(10288,21,15,9,3)
(10289,19,13,7,1)
(10290,12,11,17,23,22,28,27,33)
(10291,26,20,14,8)
(10292,18,24,30,36)
(10293,29,28,22,16,15,9,8,7,1)
(10294,28,22,16,10,4,3,2)
(10295,16,22,28,34)
(10296,13,19,25,26,32,33,34,35,36)
(10297,13,19,25,26,32,33,34,35,36)
(10298,33,27,21,15,9,8)
(10299,6,5,4,10,16,22,28,27,26,25)
(10300,26,20,14,8,9,3)
(10301,10,16,22,28,29,30)
(10302,26,25,19,13,7)
(10303,21,15,9,3)
(10304,22,16,10,4,3)
(10305,25,19,13,7)
(10306,34,28,22,16,10,11,12)
(10307,13,19,25,26,32,33,34,35)
(10308,13,19,25,26,32)
(10309,27,21,15,9)
(10310,24,18,17,16,10,4,3,2)
(10311,14,20,26,32)
(10312,4,10,16,22,28,27,33)
(10313,6,5,4,10,16,22,28,27,26,25)
(10314,23,17,16,10,4,5)
(10315,24,18,12,6,5)
(10316,1,7,8,9,15,21,27,33)
(10317,20,14,8,2)
(10318,12,11,17,23,22,28,34)
(10319,2,8,9,10,16,22,28,29,30)
(10320,36,35,29,28,22,16,10,4)
(10321,2,8,9,10,16,22,28,29)
(10322,23,17,16,10,4,5)
(10323,33,27,28,22,16,10,4,5)
(10324,26,20,14,8,9,3)
(10325,5,4,10,16,22,28,27)
(10326,2,8,14,20,26)
(10327,31,25,19,13,7)
(10328,19,13,7,1)
(10329,24,18,17,16,10,4)
(10330,33,27,28,22,16,10,4,5,6)
(10331,32,33,27,28,22,16,10)
(10332,2,8,9,15,21,27)
(10333,10,16,22,28,34)
(10334,26,20,14,8,9,3)
(10335,30,29,28,22,16,10,4,5)
(10336,21,15,9,8,7,1)
(10337,13,19,25,26,32,33,34,35,36)
(10338,17,23,29,35)
(10339,32,33,27,28,22,16,10,4,5)
(10340,11,17,23,29)
(10341,7,8,9,15,21,27)
(10342,25,19,20,14,8,2)
(10343,13,19,25,26,32,33,34,35,36)
(10344,1,7,8,9,10,16,22,28)
(10345,20,14,8,2)
(10346,2,8,9,10,16,22,28)
(10347,35,29,28,22,16,15,9)
(10348,23,17,16,10,4,3)
(10349,29,28,22,16,10,4,3,2)
(10350,26,20,14,8,9,3)
(10351,7,8,9,15,21,27,33)
(10352,15,21,22,28,29,35)
(10353,24,18,17,16,10,4)
(10354,4,10,16,22,28,29,30,36)
(10355,26,20,14,8,9,3)
(10356,36,35,29,28,22,16,15,9)
(10357,13,19,25,26,32)
(10358,22,16,15,9,8,7,1)
(10359,3,9,15,21)
(10360,22,16,10,4)
(10361,1,7,13,19)
(10362,30,24,18,12,6)
(10363,19,13,7,1)
(10364,30,29,28,22,16,10)
(10365,29,28,22,16,15,9,8)
(10366,7,13,19,25)
(10367,33,27,28,22,16,10,4,5,6)
(10368,14,20,26,32)
(10369,33,27,28,22,16,10,4,3)
(10370,15,21,22,28,29,35)
(10371,32,26,20,14)
(10372,22,16,15,9,8,7,1)
(10373,13,19,25,31)
(10374,31,25,19,20,14,8,9,10,4)
(10375,26,27,28,22,16,10,4,5,6)
(10376,36,35,29,28,22,16)
(10377,21,15,9,3)
(10378,6,5,4,10,16,22,28,34)
(10379,17,23,29,30,36)
(10380,15,21,22,28,29,30,36)
(10381,4,10,16,22,28,27)
(10382,4,10,16,22,28,27,33,32)
(10383,27,21,15,9,8,7,1)
(10384,11,17,23,29)
(10385,5,4,10,16,22,28)
(10386,4,10,16,22,23,24)
(10387,10,16,22,28,27,33,32,31)
(10388,31,25,19,20,14,8)
(10389,16,22,28,34)
(10390,27,28,22,16,10,4,3)
(10391,35,29,28,22,16,10,4,3,2)
(10392,2,8,9,10,16,22,23,24)
(10393,21,15,9,3)
(10394,4,10,16,22,28,27,33)
(10395,14,15,21,22,28,29,35)
(10396,35,29,28,22,16,15,9,8)
(10397,11,17,23,29,30,36)
(10398,5,11,17,23,29)
(10399,9,8,14,20,26,32)
(10400,24,18,17,16,15,9,8,7,1)
(10401,11,17,23,22,28,27,33,32,31)
(10402,20,14,8,2)
(10403,1,7,8,9,10,16,22,28,29,35)
(10404,22,16,15,9,8,7,1)
(10405,15,21,22,28,29,30,36)
(10406,8,9,10,16,22,28,29,35)
(10407,24,18,17,16,15,9,8,7,1)
(10408,3,9,15,21,27,33)
(10409,23,17,16,10,4,3,2)
(10410,30,29,28,22,16,15,9)
(10411,14,15,21,27,33)
(10412,20,14,8,2)
(10413,14,15,21,22,28,34)
(10414,35,34,33,32,26,25,19,13,7)
(10415,35,34,33,32,26,25,19,13,7,1)
(10416,20,14,8,2)
(10417,13,19,25,26,32,33,34,35,36)
(10418,11,17,23,22,28,27,33,32,31)
(10419,32,33,27,28,22,16,10,11,12)
(10420,30,29,28,22,16,15,9,8,7)
(10421,17,23,29,35)
(10422,31,25,19,20,14,8,9,10,11,12)
(10423,8,9,15,21,27)
(10424,8,9,10,16,22,28,34)
(10425,26,27,28,22,16,10,4,5)
(10426,34,28,22,16,15,9)
(10427,13,19,25,26,32,33)
(10428,18,24,30,36)
(10429,34,28,22,16,10)
(10430,31,25,19,20,14,8,9,10)
(10431,32,26,25,19,13,7)
(10432,29,28,22,16,15,9,8)
(10433,32,33,27,28,22,16,10,4,5)
(10434,13,19,25,31)
(10435,16,22,28,29,30,36)
(10436,16,22,28,34)
(10437,34,33,32,26,25,19,13)
(10438,4,10,16,22,23,24)
(10439,9,10,16,22,28,29,30)
(10440,33,32,26,25,19,13,7)
(10441,31,25,19,13,7)
(10442,21,15,9,3)
(10443,22,16,10,4,3,2)
(10444,31,25,19,20,14,8,9,10,11,12)
(10445,2,8,9,15,21,27)
(10446,16,22,28,34)
(10447,33,27,28,22,16,10,4,5)
(10448,9,10,16,22,28)
(10449,30,29,28,22,16,15,9,8)
(10450,2,8,9,10,16,22,28)
(10451,14,15,21,22,28,29,35)
(10452,1,7,8,9,15,21)
(10453,31,25,19,20,14,8,9,10,4,5)
(10454,17,23,29,35)
(10455,2,8,14,13,19,25,31)
(10456,16,22,28,29,35)
(10457,33,32,26,25,19,13,7,1)
(10458,13,19,25,26,32,33,34,35)
(10459,12,18,24,30,36)
(10460,10,16,22,28,27,33)
(10461,1,7,8,9,15,21,27,33)
(10462,35,29,28,22,16,10,4,3,2)
(10463,12,11,17,23,22,28,34)
(10464,19,13,7,1)
(10465,29,28,22,16,15,9,8,7,1)
(10466,12,11,17,23,29,35)
(10467,3,4,10,16,22,28,29,35)
(10468,10,16,22,28)
(10469,31,25,19,20,14,8,9,10,4)
(10470,25,19,20,14,8,2)
(10471,1,7,8,9,10,16,22,28,29,30,36)
(10472,15,21,22,28,34)
(10473,2,8,9,10,16,22,28,34)
(10474,27,21,15,9,8,7)
(10475,23,17,16,10,4)
(10476,6,5,4,10,16,22,28,27,26)
(10477,27,28,22,16,10,4,5)
(10478,32,26,25,19,13,7,1)
(10479,29,28,22,16,10)
(10480,17,23,29,30,36)
(10481,7,8,9,10,16,22,28)
(10482,8,14,20,26,32)
(10483,30,29,28,22,16,10)
(10484,31,25,19,13)
(10485,11,17,23,29,35)
(10486,11,17,23,22,28,27,33)
(10487,3,4,10,16,22,28,29,35)
(10488,9,10,16,22,28,29,30)
(10489,19,13,7,1)
(10490,30,29,28,22,16,10,4,5)
(10491,27,28,22,16,10,4)
(10492,4,10,16,22,28,29,35)
(10493,14,15,21,22,28,29,35)
(10494,3,9,15,21,27)
(10495,8,9,10,16,22,28,29,30)
(10496,28,22,16,10,4,3)
(10497,18,24,30,36)
(10498,11,17,23,22,28,27,33,32,31)
(10499,4,10,16,22,28,29,35)
(10500,5,4,10,16,22,28,27,33,32,31)
(10501,3,4,10,16,22,28)
(10502,34,33,32,26,25,19,13,7,1)
(10503,11,17,23,29,30,36)
(10504,17,23,29,30,36)
(10505,7,8,9,10,16,22,28)
(10506,36,35,29,28,22,16,15,14)
(10507,23,17,16,10,4,3,2)
(10508,32,33,27,28,22,16,10,4,3)
(10509,2,8,9,10,16,22,28,29,30,36)
(10510,24,18,17,16,10,4)
(10511,30,29,28,22,16,15,9,8,7,1)
(10512,3,9,15,21,27,33)
(10513,29,28,22,16,15,9,8,7,1)
(10514,36,35,29,28,22,16,15,9)
(10515,35,34,33,32,26,25,19,13,7)
(10516,31,25,19,13)
(10517,29,30,24,18,12,6)
(10518,32,33,27,28,22,16,10,11,12)
(10519,13,19,25,26,32,33,34,35,36)
(10520,6,12,18,24,30,36)
(10521,9,10,16,22,28,34)
(10522,17,23,29,30,36)
(10523,30,29,28,22,16,15,9,8)
(10524,32,33,27,28,22,16,10,11,12)
(10525,31,25,19,20,14,8,9,10,4,5)
(10526,4,10,16,22)
(10527,11,17,23,29,30)
(10528,4,10,16,22,23,24)
(10529,34,28,22,16,10,4,5)
(10530,33,32,26,25,19,13,7)
(10531,8,14,20,26,32)
(10532,13,19,25,26,32,33,34,35,36)
(10533,14,20,26,32)
(10534,4,10,16,22,28,29,35)
(10535,26,25,19,13,7,1)
(10536,7,13,19,25)
(10537,26,25,19,13,7)
(10538,28,22,16,10,4,5,6)
(10539,18,24,30,36)
(10540,14,20,26,32)
(10541,8,9,10,16,22,28,34)
(10542,11,17,23,29,35)
(10543,4,10,16,22,28,29)
(10544,22,16,10,4,3)
(10545,11,17,23,29,30)
(10546,27,28,22,16,10,4)
(10547,3,4,10,16,22,28)
(10548,13,19,25,31)
(10549,6,5,4,10,16,22,28,27)
(10550,26,27,28,22,16,10,4,5)
(10551,36,35,34,33,32,26,25,19,13,7,1)
(10552,3,9,8,14,20,26)
(10553,14,15,21,27,33)
(10554,22,16,15,9,8,7,1)
(10555,1,7,8,14,20,26,32)
(10556,33,27,21,15,9,8)
(10557,30,29,28,22,16,15,9,8,7,1)
(10558,9,10,16,22,28,34)
(10559,25,19,20,14,8,9,10,4,5)
(10560,6,5,4,10,16,22,28,27)
(10561,35,34,33,32,26,25,19,13,7)
(10562,20,14,8,2)
(10563,2,8,9,10,16,22,28,29,30,36)
(10564,18,24,30,36)
(10565,26,25,19,13,7)
(10566,16,22,28,29,30,36)
(10567,11,17,23,29,30,36)
(10568,22,16,15,9,8,7,1)
(10569,31,25,19,13)
(10570,22,16,10,4,3,2)
(10571,27,28,22,16,10,4,5)
(10572,28,22,16,10)
(10573,36,35,29,23,17)
(10574,8,14,13,19,25,31)
(10575,13,19,25,31)
(10576,14,20,26,32)
(10577,22,16,10,4,3,2)
(10578,14,15,21,22,28,34)
(10579,19,13,7,1)
(10580,11,17,23,29,30)
(10581,18,24,30,36)
(10582,23,17,16,15,9,8,7,1)
(10583,19,13,7,1)
(10584,2,8,14,20,26)
(10585,15,21,22,28,34)
(10586,36,35,29,28,22,16,10,4)
(10587,21,15,9,8,2)
(10588,16,22,28,34)
(10589,35,29,28,22,16,10,4,3,2)
(10590,7,13,19,25)
(10591,23,17,16,10,4,3,2)
(10592,12,11,17,23,22,28,27,33,32,31)
(10593,8,9,10,16,22,28,29,30)
(10594,35,29,28,22,16)
(10595,26,27,28,22,16,10,4,5,6)
(10596,18,24,30,36)
(10597,10,16,22,28,27,33)
(10598,2,8,9,15,21,27)
(10599,14,15,21,22,28,29,35)
(10600,11,17,23,29)
(10601,15,21,22,28,29,35)
(10602,9,10,16,22,28,29,30)
(10603,30,29,28,22,16,15,9,8)
(10604,6,12,18,24,30,36)
(10605,28,22,16,10)
(10606,18,24,30,36)
(10607,27,21,15,9,8,2)
(10608,2,8,9,10,16,22,23)
(10609,18,24,30,36)
(10610,19,13,7,1)
(10611,12,18,24,30)
(10612,9,10,16,22,28,29,30,36)
(10613,35,36,30,24,18,12)
(10614,5,4,10,16,22,28,27,33)
(10615,5,11,17,23,29,30,36)
(10616,22,16,10,4)
(10617,25,19,20,14,8,9,10,4)
(10618,32,33,27,28,22,16,10,4,5)
(10619,2,8,14,13,19,25)
(10620,15,21,27,33)
(10621,27,21,15,9,8,7)
(10622,18,24,30,36)
(10623,21,15,9,3)
(10624,3,4,10,16,22,28,29,35)
(10625,18,24,30,36)
(10626,9,10,16,22,28,34)
(10627,33,27,28,22,16,10,4,5)
(10628,3,9,8,14,20,26)
(10629,28,22,16,15,9,8,7,1)
(10630,28,22,16,10,4)
(10631,12,11,17,23,22,28,27,33)
(10632,8,9,10,16,22,28)
(10633,14,15,21,22,28,29,30,36)
(10634,7,8,14,20,26)
(10635,27,28,22,16,10,4,5)
(10636,20,14,8,7,1)
(10637,13,19,25,31)
(10638,35,34,33,32,26,25,19,13,7)
(10639,28,22,16,15,9,8,7,1)
(10640,22,16,15,9,8,7,1)
(10641,29,30,24,18,12,6)
(10642,23,17,16,10,4,3)
(10643,22,16,10,4)
(10644,23,17,16,10,4,3)
(10645,25,19,20,14,8,9,10,4,5,6)
(10646,19,13,7,1)
(10647,6,5,4,10,16,22,28,27,33,32,31)
(10648,25,19,20,14,8,9,10,4,5)
(10649,8,9,10,16,22,28,29,30,36)
(10650,18,24,30,36)
(10651,8,9,10,16,22,28,34)
(10652,21,15,9,3)
(10653,7,8,9,10,16,22,28,29,35)
(10654,20,14,8,7,1)
(10655,33,27,21,15,14)
(10656,14,20,26,32)
(10657,30,29,28,22,16,10,4,5)
(10658,20,14,8,7,1)
(10659,22,16,15,9,8,7,1)
(10660,1,7,8,9,10,16,22,28,29,35)
(10661,24,18,17,16,10,4,3,2)
(10662,27,21,15,9,8,2)
(10663,20,14,8,7,1)
(10664,23,17,16,10,4,5)
(10665,14,15,21,27,33)
(10666,29,28,22,16,10,11)
(10667,35,29,28,22,16,10,11)
(10668,24,18,17,16,10,4,3,2)
(10669,10,16,22,28)
(10670,27,21,15,9)
(10671,2,8,9,10,16,22,28,29,30,36)
(10672,30,29,28,22,16,10,4,3)
(10673,30,29,28,22,16,10,4)
(10674,14,15,21,22,28,34)
(10675,18,24,30,36)
(10676,19,13,7,1)
(10677,2,8,14,13,19,25)
(10678,11,17,23,22,28,27,33)
(10679,9,15,21,27,33)
(10680,12,11,17,23,22,28,27,33)
(10681,20,14,8,7,1)
(10682,25,19,20,14,8,2)
(10683,13,19,25,26,32,33)
(10684,5,11,17,23,29,35)
(10685,29,28,22,16,15,9,8,7)
(10686,12,11,17,23,22,28,27,33)
(10687,13,19,25,26,32)
(10688,36,35,29,28,22,16,15,14)
(10689,15,21,27,33)
(10690,36,35,34,33,32,26,25,19,13)
(10691,12,11,17,23,22,28,27,33,32,31)
(10692,23,17,16,15,9,8,7,1)
(10693,10,16,22,28,29,30)
(10694,24,18,17,16,10,4)
(10695,22,16,10,4)
(10696,9,10,16,22,28,29,30,36)
(10697,36,30,24,18,12)
(10698,18,24,30,36)
(10699,16,22,28,29,30,36)
(10700,27,21,15,9,8,7)
(10701,13,19,25,26,32,33,34,35)
(10702,6,5,4,10,16,22,28,34)
(10703,32,26,25,19,13,7)
(10704,5,4,10,16,22,28,27,33,32)
(10705,24,18,17,16,10,4,3)
(10706,36,35,34,33,32,26,25,19,13,7)
(10707,9,10,16,22,28,29,35)
(10708,11,17,23,29,30,36)
(10709,10,16,22,28,29,30,36)
(10710,24,18,12,6,5)
(10711,30,24,18,12)
(10712,6,5,4,10,16,22,28)
(10713,10,16,22,28,27,33,32)
(10714,17,23,29,35)
(10715,6,5,11,17,23,29)
(10716,31,25,19,20,14,8,9,10,11)
(10717,17,23,29,30,36)
(10718,15,21,27,33)
(10719,9,10,16,22,28,34)
(10720,17,23,29,30,36)
(10721,10,16,22,28,27,33,32)
(10722,15,21,22,28,29,35)
(10723,35,34,33,32,26,25,19,13)
(10724,10,16,22,28)
(10725,32,33,27,28,22,16,10,4,5)
(10726,12,11,17,23,22,28,27,33,32)
(10727,19,13,7,1)
(10728,25,19,20,14,8,9,10,4,5,6)
(10729,28,22,16,15,9)
(10730,33,32,26,25,19,13,7)
(10731,7,8,14,20,26)
(10732,15,21,22,28,29,30,36)
(10733,14,15,21,22,28,34)
(10734,6,12,18,24,30)
(10735,16,22,28,29,35)
(10736,18,24,30,36)
(10737,27,21,15,9,8,7,1)
(10738,19,13,7,1)
(10739,15,21,22,28,29,30,36)
(10740,30,29,28,22,16,15,9,8)
(10741,23,17,16,10,4,5)
(10742,12,11,17,23,22,28,27,33,32)
(10743,22,16,10,4,3)
(10744,9,10,16,22,28,29)
(10745,6,5,11,17,23,29)
(10746,4,10,16,22,28,29)
(10747,3,4,10,16,22,23,24)
(10748,14,15,21,22,28,29,35)
(10749,9,8,14,20,26,32)
(10750,15,21,22,28,29,35)
(10751,18,24,30,36)
(10752,25,19,13,7,1)
(10753,6,5,4,10,16,22,28,27,26)
(10754,8,9,10,16,22,28,34)
(10755,34,28,22,16,10,4,5)
(10756,28,22,16,15,9)
(10757,27,21,15,9)
(10758,9,8,14,20,26,32)
(10759,6,12,18,24,30,36)
(10760,28,22,16,10,4,5)
(10761,17,23,29,35)
(10762,5,11,17,23)
(10763,18,24,30,36)
(10764,5,4,10,16,22,28,27)
(10765,2,8,14,20,26,32)
(10766,33,27,21,15)
(10767,25,19,13,7)
(10768,10,16,22,28,34)
(10769,25,19,13,7,1)
(10770,8,14,13,19,25,31)
(10771,11,17,23,22,28,27,33)
(10772,31,25,19,20,14,8,2)
(10773,15,21,22,28,34)
(10774,2,8,14,20)
(10775,33,27,28,22,16,10)
(10776,33,27,21,15,9)
(10777,12,11,17,23,22,28,27,33,32,31)
(10778,33,27,28,22,16,10,4,5,6)
(10779,20,14,8,7,1)
(10780,7,8,9,10,16,22,28,34)
(10781,16,22,28,29,35)
(10782,20,14,8,7,1)
(10783,2,8,9,10,16,22)
(10784,4,10,16,22,28,27,26,25)
(10785,17,23,29,35)
(10786,34,28,22,16,10,4,3,2)
(10787,22,16,10,4)
(10788,22,16,10,4)
(10789,33,27,21,15,9,8,2)
(10790,25,19,20,14,8,9,10,4)
(10791,34,28,22,16,10,11)
(10792,34,28,22,16,10,4,5)
(10793,19,13,7,1)
(10794,6,5,4,10,16,22,28,27)
(10795,31,25,19,20,14,8,2)
(10796,3,4,10,16,22,28,29)
(10797,5,4,10,16,22,28,27,33,32)
(10798,31,25,19,20,14,8,9,3)
(10799,3,4,10,16,22,28,29,30)
(10800,21,15,9,8,2)
(10801,22,16,10,4,3)
(10802,31,25,19,20,14,8,9,10,11)
(10803,36,35,29,23,17)
(10804,36,30,24,18)
(10805,35,36,30,24,18,12,6)
(10806,35,29,28,22,16,10,4,5)
(10807,18,24,30,36)
(10808,35,29,23,17)
(10809,14,15,21,22,28,34)
(10810,26,27,28,22,16,10,4)
(10811,6,12,18,24,30)
(10812,27,28,22,16,10,4,3)
(10813,1,7,8,9,10,16,22,28,29,30,36)
(10814,22,16,10,4,3,2)
(10815,4,10,16,22,28,27,26)
(10816,8,9,10,16,22,28,29,30)
(10817,2,8,14,13,19,25,31)
(10818,19,13,7,1)
(10819,4,10,16,22,28)
(10820,20,14,8,7,1)
(10821,36,35,34,33,32,26,25,19,13,7,1)
(10822,32,26,20,14,8,2)
(10823,35,29,28,22,16,10,4)
(10824,23,17,16,10,4,3)
(10825,18,24,30,36)
(10826,27,28,22,16,10,4,5,6)
(10827,36,35,34,33,32,26,25,19,13)
(10828,28,22,16,10,4)
(10829,28,22,16,15,9,8,7)
(10830,17,23,29,30,36)
(10831,6,5,11,17,23,29,35)
(10832,26,20,14,8)
(10833,21,15,9,8,7,1)
(10834,32,33,27,28,22,16,10,4,5)
(10835,28,22,16,10,4,5)
(10836,22,16,10,4,3)
(10837,36,35,29,28,22,16,10)
(10838,13,19,25,26,32,33,34,35,36)
(10839,16,22,28,34)
(10840,1,7,8,9,15,21,27)
(10841,36,35,29,28,22,16,15,14)
(10842,36,30,24,18,12,6)
(10843,32,26,20,14)
(10844,28,22,16,10)
(10845,19,13,7,1)
(10846,12,11,17,23,22,28,34)
(10847,24,18,17,16,10,4,3)
(10848,5,4,10,16,22,28,34)
(10849,8,14,20,26,32)
(10850,35,29,28,22,16,15,14)
(10851,18,24,30,36)
(10852,7,8,9,15,21,27,33)
(10853,35,34,33,32,26,25,19,13,7)
(10854,21,15,9,8,2)
(10855,26,27,28,22,16,10,4,5)
(10856,22,16,15,9,8,7,1)
(10857,13,19,25,26,32)
(10858,24,18,17,16,10,4,3)
(10859,29,28,22,16,10)
(10860,25,19,13,7,1)
(10861,34,28,22,16,10,4,3,2)
(10862,7,8,14,20,26,32)
(10863,17,23,29,35)
(10864,27,21,15,9,8,7,1)
(10865,8,9,10,16,22,28,29,30,36)
(10866,34,33,32,26,25,19,13)
(10867,26,27,28,22,16,10,4)
(10868,27,28,22,16,10,4)
(10869,5,11,17,23,29,30)
(10870,1,7,8,14,20)
(10871,13,19,25,26,32,33,34,35,36)
(10872,3,4,10,16,22,28,29,35)
(10873,9,8,14,20,26,32)
(10874,31,25,19,20,14,8,9,10,4,5,6)
(10875,26,27,28,22,16,10,4,5)
(10876,15,21,22,28,29,35)
(10877,5,4,10,16,22,28,34)
(10878,22,16,15,9,8,7,1)
(10879,24,18,12,6)
(10880,7,8,9,10,16,22,28,29,30,36)
(10881,32,33,27,28,22,16,10,4,5,6)
(10882,9,10,16,22,28)
(10883,24,18,12,6)
(10884,20,14,8,7,1)
(10885,6,5,4,10,16,22,28)
(10886,9,10,16,22,28,29,30,36)
(10887,32,26,25,19,13,7)
(10888,14,15,21,27,33)
(10889,10,16,22,28,29,30)
(10890,29,28,22,16,15,9,8,7,1)
(10891,4,10,16,22,28,29,35)
(10892,20,14,8,7,1)
(10893,23,17,16,10,4,3,2)
(10894,23,17,16,10,4,3,2)
(10895,32,26,25,19,13,7)
(10896,22,16,10,4,3)
(10897,34,28,22,16,10,4,3)
(10898,28,22,16,15,9,8,7,1)
(10899,12,11,17,23,22,28,27,33)
(10900,1,7,8,14,20)
(10901,28,22,16,10,4,3,2)
(10902,6,5,11,17,23,29,35)
(10903,2,8,9,10,16,22,28)
(10904,16,22,28,29,30,36)
(10905,2,8,9,10,16,22,23)
(10906,24,18,12,6,5)
(10907,33,27,28,22,16,10,4,5)
(10908,30,29,28,22,16,10,11)
(10909,15,21,27,33)
(10910,33,32,26,25,19,13)
(10911,22,16,10,4,3,2)
(10912,3,4,10,16,22,23)
(10913,22,16,10,4,3,2)
(10914,7,8,9,10,16,22,28,29)
(10915,11,17,23,22,28,27,33,32)
(10916,18,24,30,36)
(10917,27,28,22,16,10,4,3)
(10918,22,16,10,4)
(10919,36,30,24,18)
(10920,14,15,21,22,28,29,35)
(10921,35,29,28,22,16,10,4,5)
(10922,36,30,24,18)
(10923,8,9,15,21,27,33)
(10924,28,22,16,15,9)
(10925,1,7,8,9,15,21,27)
(10926,14,15,21,22,28,29,30,36)
(10927,3,9,8,14,13,19,25,31)
(10928,14,15,21,27,33)
(10929,36,30,24,18,12,6)
(10930,29,28,22,16,15,9,8)
(10931,12,11,17,23,29,35)
(10932,11,17,23,29,30,36)
(10933,24,18,17,16,10,4,3)
(10934,29,28,22,16,15,9,8,7,1)
(10935,7,8,9,10,16,22,28,34)
(10936,18,24,30,36)
(10937,24,18,17,16,10,4)
(10938,32,33,27,28,22,16,10,4,5)
(10939,4,10,16,22,28,27,33,32,31)
(10940,36,35,34,33,32,26,25,19,13)
(10941,36,35,34,33,32,26,25,19,13,7)
(10942,32,33,27,28,22,16,10)
(10943,29,28,22,16,10,4,3,2)
(10944,33,27,28,22,16,10,4,5)
(10945,31,25,19,20,14,8,9,10,4)
(10946,20,14,8,7,1)
(10947,21,15,9,3)
(10948,21,15,9,8,2)
(10949,27,21,15,9,8,7)
(10950,23,17,16,10,4,3,2)
(10951,26,27,28,22,16,10,4,5,6)
(10952,7,8,9,10,16,22,28,29,30,36)
(10953,24,18,12,6,5)
(10954,12,11,17,23,22,28,27,33,32)
(10955,30,29,28,22,16,10,11)
(10956,35,29,28,22,16,10,4,5)
(10957,6,5,4,10,16,22,28,34)
(10958,6,5,4,10,16,22,28)
(10959,33,27,28,22,16,10,4,5)
(10960,26,27,28,22,16,10,4,5,6)
(10961,32,26,25,19,13)
(10962,27,28,22,16,10,4)
(10963,14,15,21,22,28,29,35)
(10964,2,8,14,20,26,32)
(10965,7,8,9,10,16,22,28,29,35)
(10966,26,27,28,22,16,10,4,5)
(10967,28,22,16,15,9)
(10968,30,29,28,22,16,10,11)
(10969,10,16,22,28,29,30,36)
(10970,3,4,10,16,22,28,29)
(10971,16,22,28,29,35)
(10972,6,5,4,10,16,22,28,27,33,32,31)
(10973,14,15,21,22,28,29,35)
(10974,4,10,16,22)
(10975,20,14,8,7,1)
(10976,30,24,18,12,6)
(10977,10,16,22,28,29,35)
(10978,12,11,17,23,22,28,27,33,32,31)
(10979,35,29,28,22,16,15,9,8)
(10980,19,13,7,1)
(10981,19,13,7,1)
(10982,33,32,26,25,19,13,7)
(10983,21,15,9,8,2)
(10984,36,30,24,18)
(10985,26,27,28,22,16,10,4,5,6)
(10986,29,28,22,16,10,4,3)
(10987,19,13,7,1)
(10988,32,26,20,14,8)
(10989,9,15,21,27,33)
(10990,7,8,9,10,16,22,28,29,30)
(10991,35,29,28,22,16,10,4,5)
(10992,5,4,10,16,22,28,27,33,32,31)
(10993,17,23,29,35)
(10994,31,25,19,13,7,1)
(10995,36,35,29,28,22,16,15,14)
(10996,24,18,17,16,10,4)
(10997,28,22,16,15,9)
(10998,3,4,10,16,22)
(10999,24,18,17,16,10,4,3)
(11000,9,10,16,22,28,29,30)
(11001,27,28,22,16,10,4,5,6)
(11002,13,19,25,26,32,33,34,35,36)
(11003,14,15,21,22,28,34)
(11004,4,10,16,22,23,24)
(11005,25,19,20,14,8,9,10,4,5)
(11006,36,35,29,28,22,16,10,4)
(11007,13,19,25,26,32)
(11008,17,23,29,30,36)
(11009,18,24,30,36)
(11010,29,28,22,16,15,9,8,7)
(11011,32,33,27,28,22,16,10,4,3)
(11012,31,25,19,20,14,8,9,10,4,5)
(11013,30,29,28,22,16,10,4,3,2)
(11014,4,10,16,22,28,27,33)
(11015,33,32,26,25,19,13,7,1)
(11016,29,28,22,16,15,9)
(11017,2,8,9,10,16,22,28,29)
(11018,23,17,16,10,4,3,2)
(11019,21,15,9,8,2)
(11020,22,16,10,4,3,2)
(11021,10,16,22,28,27,33,32)
(11022,24,18,17,16,10,4)
(11023,14,15,21,22,28,29,35)
(11024,17,23,29,30,36)
(11025,10,16,22,28,27,33,32,31)
(11026,8,14,13,19,25,31)
(11027,1,7,8,9,10,16,22,28,29,30,36)
(11028,18,24,30,36)
(11029,35,29,28,22,16,15,9,8)
(11030,6,12,18,24,30)
(11031,33,27,28,22,16,10,4)
(11032,3,4,10,16,22,28,34)
(11033,14,15,21,22,28,29,30,36)
(11034,32,33,27,28,22,16,10,4,3)
(11035,35,29,28,22,16,15)
(11036,21,15,9,8,2)
(11037,23,17,16,10,4,3)
(11038,6,5,4,10,16,22,28,27,33,32)
(11039,32,33,27,28,22,16,10,4,5,6)
(11040,29,28,22,16,10,11)
(11041,17,23,29,35)
(11042,31,25,19,13,7)
(11043,6,5,4,10,16,22,28,27,26)
(11044,16,22,28,29,35)
(11045,20,14,8,7,1)
(11046,17,23,29,35)
(11047,18,24,30,36)
(11048,1,7,8,14,20)
(11049,32,26,20,14,8,2)
(11050,33,27,28,22,16,10,11,12)
(11051,21,15,9,8,2)
(11052,3,4,10,16,22,23,24)
(11053,16,22,28,29,35)
(11054,10,16,22,28,29,30)
(11055,3,4,10,16,22,28,29,30,36)
(11056,31,25,19,20,14,8,9,10,11,12)
(11057,20,14,8,2)
(11058,16,22,28,29,30,36)
(11059,17,23,29,30,36)
(11060,1,7,8,9,10,16,22,28)
(11061,1,7,13,19,25,31)
(11062,1,7,8,9,10,16,22,28,29,35)
(11063,9,10,16,22,28,29,35)
(11064,10,16,22,28)
(11065,27,21,15,9,8,7,1)
(11066,22,16,10,4,3,2)
(11067,36,35,29,28,22,16,10,4,5)
(11068,10,16,22,28,29,30,36)
(11069,27,28,22,16,10,4,3)
(11070,19,13,7,1)
(11071,6,5,4,10,16,22,28)
(11072,26,20,14,8,9,3)
(11073,30,24,18,12,6)
(11074,28,22,16,10,4)
(11075,32,26,20,14)
(11076,26,27,28,22,16,10,4)
(11077,25,19,20,14,8,9,10,4)
(11078,19,13,7,1)
(11079,27,28,22,16,10,4)
(11080,5,4,10,16,22,28,27)
(11081,30,29,28,22,16,10,4,3)
(11082,13,19,25,26,32,33,34)
(11083,10,16,22,28)
(11084,27,28,22,16,10,4,5,6)
(11085,26,27,28,22,16,10,4)
(11086,26,25,19,13,7)
(11087,24,18,17,16,10,4,3)
(11088,35,36,30,24,18,12,6)
(11089,25,19,13,7,1)
(11090,2,8,14,20,26,32)
(11091,20,14,8,7,1)
(11092,23,17,16,10,4,3,2)
(11093,11,17,23,22,28,34)
(11094,36,35,29,23,17)
(11095,24,18,17,16,10,4)
(11096,19,13,7,1)
(11097,27,28,22,16,10,4,3)
(11098,7,8,14,20,26)
(11099,26,20,14,8,2)
(11100,19,13,7,1)
(11101,13,19,25,26,32,33,34)
(11102,31,25,19,20,14,8,9,3)
(11103,7,8,9,10,16,22,28,29,35)
(11104,3,4,10,16,22,28,29)
(11105,33,27,21,15,9,8,2)
(11106,12,18,24,30)
(11107,14,15,21,22,28,29,30,36)
(11108,13,19,25,31)
(11109,23,17,16,10,4,3,2)
(11110,29,28,22,16,15,9)
(11111,13,19,25,26,32,33,34,35)
(11112,29,28,22,16,10)
(11113,20,14,8,2)
(11114,27,28,22,16,10,4,5)
(11115,27,28,22,16,10,4,3)
(11116,25,19,20,14,8,9,10,4)
(11117,31,25,19,13,7)
(11118,13,19,25,31)
(11119,18,24,30,36)
(11120,25,19,20,14,8,2)
(11121,6,12,18,24,30)
(11122,35,29,28,22,16,15,14)
(11123,28,22,16,10,4,5,6)
(11124,14,15,21,22,28,29,35)
(11125,22,16,10,4,3)
(11126,11,17,23,22,28,27,33)
(11127,15,21,22,28,29,35)
(11128,12,18,24,30)
(11129,4,10,16,22,28,27,26)
(11130,33,27,21,15)
(11131,9,10,16,22,28,29)
(11132,36,35,29,28,22,16,10,4,3,2)
(11133,7,8,9,10,16,22,28,29,35)
(11134,13,19,25,26,32,33)
(11135,26,27,28,22,16,10,4,5)
(11136,35,34,33,32,26,25,19,13)
(11137,19,13,7,1)
(11138,25,19,20,14,8,9,10,4,5,6)
(11139,22,16,10,4)
(11140,19,13,7,1)
(11141,15,21,27,33)
(11142,28,22,16,15,9,8)
(11143,4,10,16,22,23,24)
(11144,14,15,21,22,28,29,35)
(11145,30,29,28,22,16,15,9,8,7)
(11146,28,22,16,15,9,8,7)
(11147,21,15,9,8,2)
(11148,19,13,7,1)
(11149,5,4,10,16,22,28,27,26)
(11150,25,19,13,7,1)
(11151,24,18,17,16,10,4,3)
(11152,17,23,29,35)
(11153,36,35,29,28,22,16)
(11154,10,16,22,28,34)
(11155,24,18,17,16,15,9,8,7,1)
(11156,11,17,23,29)
(11157,12,11,17,23,22,28,34)
(11158,17,23,29,35)
(11159,29,28,22,16,15,9,8,7)
(11160,28,22,16,15,9)
(11161,20,14,8,2)
(11162,27,21,15,9,8)
(11163,8,9,10,16,22,28)
(11164,3,9,15,21)
(11165,22,16,10,4)
(11166,35,29,28,22,16)
(11167,33,27,28,22,16,10)
(11168,8,9,15,21,27)
(11169,26,20,14,8,9,3)
(11170,19,13,7,1)
(11171,36,30,24,18)
(11172,7,8,9,10,16,22,28,29,30)
(11173,22,16,15,9,8,7,1)
(11174,27,21,15,9)
(11175,3,9,8,14,20,26)
(11176,25,19,20,14,8,9,10,4,5)
(11177,11,17,23,22,28,34)
(11178,19,13,7,1)
(11179,25,19,20,14,8,2)
(11180,19,13,7,1)
(11181,13,19,25,26,32,33,34)
(11182,35,34,33,32,26,25,19,13,7)
(11183,22,16,10,4,3)
(11184,11,17,23,22,28,27,33)
(11185,8,9,10,16,22,28,29)
(11186,29,28,22,16,15,9,8)
(11187,6,5,4,10,16,22,28,27,33,32,31)
(11188,29,28,22,16,10,4,3,2)
(11189,25,19,20,14,8,9,10,4)
(11190,20,14,8,7,1)
(11191,10,16,22,28,27,33,32,31)
(11192,2,8,14,20,26,32)
(11193,31,25,19,20,14,8,9,10,11,12)
(11194,9,10,16,22,28,29,35)
(11195,21,15,9,8,2)
(11196,6,5,4,10,16,22,28,27,33)
(11197,31,25,19,20,14,8,2)
(11198,31,25,19,20,14,8,9,3)
(11199,7,8,9,10,16,22,28,29,30)
(11200,11,17,23,22,28,27,33)
(11201,28,22,16,15,9,8)
(11202,27,21,15,9,8,7)
(11203,18,24,30,36)
(11204,33,27,28,22,16,10)
(11205,32,26,25,19,13)
(11206,18,24,30,36)
(11207,35,29,28,22,16,15)
(11208,15,21,22,28,29,35)
(11209,7,8,14,20,26,32)
(11210,3,9,8,14,13,19,25,31)
(11211,18,24,30,36)
(11212,27,28,22,16,10,4)
(11213,3,9,15,21,27)
(11214,36,35,34,33,32,26,25,19,13)
(11215,26,27,28,22,16,10,4,5)
(11216,3,9,15,21)
(11217,10,16,22,28,29)
(11218,3,9,8,14,13,19,25)
(11219,4,10,16,22,28,27,33,32,31)
(11220,24,18,17,16,15,9,8,7,1)
(11221,12,11,17,23,22,28,27,33,32)
(11222,14,15,21,22,28,29,30,36)
(11223,5,11,17,23,29,30,36)
(11224,10,16,22,28,27,33)
(11225,17,23,29,35)
(11226,18,24,30,36)
(11227,13,19,25,26,32)
(11228,9,8,14,20,26,32)
(11229,24,18,17,16,10,4,3,2)
(11230,26,25,19,13,7,1)
(11231,4,10,16,22,28,29,30)
(11232,22,16,10,4)
(11233,18,24,30,36)
(11234,6,5,4,10,16,22,28,27)
(11235,34,33,32,26,25,19,13,7,1)
(11236,4,10,16,22,28,27,33)
(11237,3,4,10,16,22,28,29,35)
(11238,29,28,22,16,10,4,3,2)
(11239,14,15,21,27,33)
(11240,10,16,22,28,27,33)
(11241,33,32,26,25,19,13,7,1)
(11242,11,17,23,22,28,34)
(11243,29,28,22,16,15,9)
(11244,2,8,9,10,16,22,28,29,35)
(11245,36,35,29,28,22,16)
(11246,33,27,28,22,16,10,4,5,6)
(11247,20,14,8,2)
(11248,16,22,28,34)
(11249,20,14,8,2)
(11250,18,24,30,36)
(11251,5,4,10,16,22,28,27,26,25)
(11252,6,5,4,10,16,22,28,27,26)
(11253,2,8,9,10,16,22,28,29,35)
(11254,3,4,10,16,22,28,29,30,36)
(11255,4,10,16,22,28)
(11256,23,17,16,10,4)
(11257,7,8,9,10,16,22,28,29,30)
(11258,31,25,19,20,14,8,9,10,4,5)
(11259,25,19,20,14,8,9,10,4,5,6)
(11260,18,24,30,36)
(11261,14,15,21,27,33)
(11262,2,8,9,10,16,22,28,29,35)
(11263,12,18,24,30,36)
(11264,20,14,8,7,1)
(11265,16,22,28,29,35)
(11266,4,10,16,22,28,29,35)
(11267,36,35,29,28,22,16)
(11268,4,10,16,22,28,29,35)
(11269,22,16,10,4)
(11270,27,21,15,9,8,7)
(11271,22,16,10,4)
(11272,17,23,29,30,36)
(11273,3,4,10,16,22,23,24)
(11274,1,7,8,9,15,21,27,33)
(11275,19,13,7,1)
(11276,16,22,28,29,35)
(11277,22,16,10,4)
(11278,19,13,7,1)
(11279,34,28,22,16,15)
(11280,29,28,22,16,10,4,3,2)
(11281,14,15,21,22,28,34)
(11282,8,9,10,16,22,28,29,30,36)
(11283,8,9,10,16,22,28,34)
(11284,26,20,14,8)
(11285,29,30,24,18,12,6)
(11286,25,19,20,14,8,9,10,4,5,6)
(11287,16,22,28,34)
(11288,2,8,9,10,16,22,28,29,30)
(11289,25,19,20,14,8,2)
(11290,4,10,16,22,28,27,33)
(11291,12,11,17,23,29,35)
(11292,30,29,28,22,16,10,4)
(11293,22,16,10,4,3)
(11294,1,7,8,9,10,16,22,28,34)
(11295,18,24,30,36)
(11296,31,25,19,20,14,8,2)
(11297,4,10,16,22,28,29,30,36)
(11298,13,19,25,31)
(11299,24,18,17,16,10,4)
(11300,11,17,23,22,28,27,33,32,31)
(11301,33,32,26,25,19,13,7)
(11302,5,11,17,23,24)
(11303,20,14,8,2)
(11304,5,4,10,16,22,28,27,33,32)
(11305,10,16,22,28,29,30,36)
(11306,31,25,19,20,14,8,9,10,11,12)
(11307,30,29,28,22,16,10,4)
(11308,34,28,22,16,10,11)
(11309,9,10,16,22,28)
(11310,7,8,9,10,16,22,28,29,30)
(11311,23,17,16,10,4,3)
(11312,34,28,22,16)
(11313,20,14,8,7,1)
(11314,12,11,17,23,29,35)
(11315,21,15,9,8,7,1)
(11316,11,17,23,29,30,36)
(11317,4,10,16,22,28,29)
(11318,12,11,17,23,29,35)
(11319,18,24,30,36)
(11320,10,16,22,28,29)
(11321,12,18,24,30,36)
(11322,32,33,27,28,22,16,10,11,12)
(11323,6,5,4,10,16,22,28,27,33,32)
(11324,33,27,28,22,16,10,4,3)
(11325,27,28,22,16,10,4,5)
(11326,35,29,28,22,16,15,9)
(11327,36,30,24,18,12)
(11328,4,10,16,22,28,27,26)
(11329,13,19,25,26,32)
(11330,17,23,29,35)
(11331,21,15,9,3)
(11332,35,29,28,22,16,10,11)
(11333,29,28,22,16,10,4,3,2)
(11334,15,21,22,28,34)
(11335,19,13,7,1)
(11336,7,8,9,10,16,22,28,34)
(11337,31,25,19,20,14,8,2)
(11338,18,24,30,36)
(11339,13,19,25,26,32,33,34,35)
(11340,35,29,28,22,16,10,4,5)
(11341,34,33,32,26,25,19,13)
(11342,36,35,29,28,22,16,10,11)
(11343,25,19,20,14,8,2)
(11344,9,10,16,22,28,29,30)
(11345,2,8,9,15,21,27,33)
(11346,23,17,16,10,4,3,2)
(11347,4,10,16,22,28,27,26,25)
(11348,6,5,4,10,16,22,28,27,33)
(11349,15,21,22,28,29,30,36)
(11350,22,16,10,4)
(11351,34,33,32,26,25,19,13,7)
(11352,13,19,25,26,32,33,34,35,36)
(11353,3,4,10,16,22,28,34)
(11354,2,8,9,10,16,22,28,29,30)
(11355,35,34,33,32,26,25,19,13)
(11356,1,7,8,9,15,21)
(11357,33,27,28,22,16,10,4,5)
(11358,1,7,8,9,15,21)
(11359,13,19,25,26,32,33)
(11360,2,8,14,13,19,25)
(11361,6,12,18,24)
(11362,36,35,29,23,17)
(11363,20,14,8,2)
(11364,22,16,10,4,3)
(11365,5,4,10,16,22,28,27,26,25)
(11366,32,33,27,28,22,16,10,4,5)
(11367,17,23,29,30,36)
(11368,9,15,21,27)
(11369,26,20,14,8)
(11370,12,11,17,23,22,28,27,33)
(11371,4,10,16,22,28)
(11372,31,25,19,20,14,8,9,10,4,5,6)
(11373,23,17,16,15,9,8,7,1)
(11374,33,27,28,22,16,10,11)
(11375,33,27,28,22,16,10,4,3)
(11376,35,29,28,22,16,10)
(11377,22,16,10,4,3)
(11378,17,23,29,30,36)
(11379,11,17,23,29)
(11380,34,33,32,26,25,19,13)
(11381,34,33,32,26,25,19,13,7)
(11382,25,19,13,7)
(11383,8,9,10,16,22,28,29,30)
(11384,22,16,10,4)
(11385,3,4,10,16,22)
(11386,22,16,10,4)
(11387,20,14,8,2)
(11388,11,17,23,29)
(11389,24,18,17,16,10,4,3)
(11390,17,23,29,35)
(11391,26,25,19,13,7,1)
(11392,30,29,28,22,16,10,4,3)
(11393,32,26,20,14,8,2)
(11394,17,23,29,30,36)
(11395,17,23,29,35)
(11396,28,22,16,10)
(11397,24,18,17,16,10,4,3)
(11398,35,29,28,22,16,15)
(11399,34,28,22,16,10,4,5,6)
(11400,7,8,9,10,16,22,28,29)
(11401,21,15,9,8,7,1)
(11402,4,10,16,22,28,27)
(11403,24,18,17,16,10,4)
(11404,3,9,8,14,20,26,32)
(11405,24,18,17,16,15,9,8,7,1)
(11406,2,8,14,20)
(11407,19,13,7,1)
(11408,29,28,22,16,15,9,8,7)
(11409,7,8,9,15,21,27)
(11410,5,4,10,16,22,28,27,33,32,31)
(11411,5,11,17,23,29,35)
(11412,29,28,22,16,15,9,8,7)
(11413,35,34,33,32,26,25,19,13,7,1)
(11414,12,18,24,30,36)
(11415,12,11,17,23,22,28,34)
(11416,25,19,20,14,8,2)
(11417,9,15,21,27,33)
(11418,8,9,15,21,27,33)
(11419,26,20,14,8,9,3)
(11420,34,28,22,16)
(11421,33,27,28,22,16,10,11,12)
(11422,23,17,16,15,9,8,7,1)
(11423,10,16,22,28,27,33)
(11424,13,19,25,26,32)
(11425,15,21,22,28,34)
(11426,24,18,17,16,10,4)
(11427,12,18,24,30,36)
(11428,23,17,16,10,4,3)
(11429,5,11,17,23)
(11430,21,15,9,8,2)
(11431,11,17,23,22,28,27,33)
(11432,29,28,22,16,10,4)
(11433,30,24,18,12,6)
(11434,30,29,28,22,16,15,9)
(11435,26,27,28,22,16,10,4)
(11436,33,27,28,22,16,10,4,5,6)
(11437,17,23,29,30,36)
(11438,10,16,22,28,27,33,32,31)
(11439,6,12,18,24,30,36)
(11440,24,18,12,6)
(11441,2,8,9,10,16,22,23)
(11442,24,18,17,16,10,4)
(11443,29,28,22,16,10,4,3)
(11444,10,16,22,28,29,30,36)
(11445,30,29,28,22,16,10)
(11446,20,14,8,7,1)
(11447,33,27,21,15,9)
(11448,9,10,16,22,28)
(11449,21,15,9,8,2)
(11450,5,4,10,16,22,28,27,26,25)
(11451,18,24,30,36)
(11452,24,18,12,6)
(11453,23,17,16,10,4,3,2)
(11454,29,28,22,16,15,9,8)
(11455,13,19,25,31)
(11456,34,28,22,16,10,4,3)
(11457,30,29,28,22,16,10,4,5)
(11458,6,5,4,10,16,22,28)
(11459,1,7,8,9,10,16,22,23)
(11460,3,9,8,14,13,19,25)
(11461,22,16,10,4,3)
(11462,34,28,22,16)
(11463,12,11,17,23,29,35)
(11464,30,29,28,22,16,15,9,8,7,1)
(11465,28,22,16,10,4)
(11466,6,12,18,24,30)
(11467,10,16,22,28,29,35)
(11468,11,17,23,22,28,27,33,32,31)
(11469,31,25,19,13,7,1)
(11470,22,16,10,4)
(11471,16,22,28,29,35)
(11472,30,29,28,22,16,10)
(11473,5,4,10,16,22,28,27,26)
(11474,20,14,8,2)
(11475,8,9,10,16,22,28,29,30,36)
(11476,11,17,23,29,30)
(11477,16,22,28,34)
(11478,28,22,16,15,9,8,7)
(11479,4,10,16,22,28,27,33,32)
(11480,15,21,22,28,29,35)
(11481,19,13,7,1)
(11482,7,8,9,10,16,22,28)
(11483,36,35,29,28,22,16,15,9)
(11484,18,24,30,36)
(11485,19,13,7,1)
(11486,32,33,27,21,15,9)
(11487,3,9,15,21,27)
(11488,10,16,22,28,29,30,36)
(11489,18,24,30,36)
(11490,8,9,15,21,27,33)
(11491,10,16,22,28,34)
(11492,7,8,9,15,21,27)
(11493,13,19,25,26,32,33)
(11494,25,19,20,14,8,9,10,4,5,6)
(11495,30,29,28,22,16,10,4,3,2)
(11496,20,14,8,2)
(11497,2,8,9,10,16,22,28,29,30)
(11498,23,17,16,15,9,8,7,1)
(11499,3,4,10,16,22,23)
(11500,6,12,18,24)
(11501,24,18,17,16,15,9,8,7,1)
(11502,34,33,32,26,25,19,13)
(11503,22,16,10,4,3)
(11504,32,33,27,28,22,16,10,4,5,6)
(11505,32,26,25,19,13,7)
(11506,21,15,9,8,7,1)
(11507,25,19,20,14,8,9,3)
(11508,20,14,8,2)
(11509,25,19,20,14,8,2)
(11510,16,22,28,29,35)
(11511,19,13,7,1)
(11512,26,20,14,8)
(11513,23,17,16,10,4,3,2)
(11514,27,28,22,16,10,4)
(11515,1,7,8,9,15,21)
(11516,5,4,10,16,22,28,27,26,25)
(11517,19,13,7,1)
(11518,16,22,28,34)
(11519,30,24,18,12,6)
(11520,31,25,19,20,14,8,9,10)
(11521,31,25,19,20,14,8,9,10)
(11522,25,19,20,14,8,9,10,4,5,6)
(11523,16,22,28,34)
(11524,22,16,15,9,8,7,1)
(11525,24,18,17,16,10,4)
(11526,2,8,14,13,19,25,31)
(11527,24,18,17,16,10,4,3,2)
(11528,3,4,10,16,22,23)
(11529,19,13,7,1)
(11530,19,13,7,1)
(11531,33,32,26,25,19,13,7)
(11532,9,15,21,27,33)
(11533,17,23,29,30,36)
(11534,31,25,19,20,14,8,9,10,11)
(11535,12,11,17,23,22,28,27,33,32)
(11536,17,23,29,35)
(11537,4,10,16,22,28,34)
(11538,9,10,16,22,28,29)
(11539,14,20,26,32)
(11540,17,23,29,35)
(11541,2,8,9,10,16,22,28)
(11542,19,13,7,1)
(11543,1,7,13,19)
(11544,33,27,28,22,16,10,4,5)
(11545,4,10,16,22,23)
(11546,25,19,20,14,8,9,10,4,5)
(11547,9,15,21,27,33)
(11548,10,16,22,28,29,30,36)
(11549,3,4,10,16,22,28,34)
(11550,5,11,17,23,29,30)
(11551,31,25,19,20,14,8)
(11552,20,14,8,7,1)
(11553,33,32,26,25,19,13,7,1)
(11554,25,19,20,14,8,2)
(11555,16,22,28,34)
(11556,30,29,28,22,16,15,9)
(11557,2,8,9,10,16,22,28,29,35)
(11558,16,22,28,29,30,36)
(11559,5,4,10,16,22,28,27,33,32)
(11560,32,33,27,28,22,16,10,4,5)
(11561,24,18,17,16,15,9,8,7,1)
(11562,13,19,25,26,32)
(11563,6,5,4,10,16,22,28)
(11564,32,26,25,19,13)
(11565,12,11,17,23,22,28,27,33,32)
(11566,11,17,23,29,30)
(11567,28,22,16,15,9,8)
(11568,27,28,22,16,10,4)
(11569,23,17,16,10,4,3)
(11570,11,17,23,22,28,27,33)
(11571,34,28,22,16,15,14)
(11572,3,9,8,14,20,26)
(11573,7,8,14,20,26,32)
(11574,21,15,9,8,2)
(11575,33,27,28,22,16,10,11)
(11576,2,8,14,20)
(11577,5,11,17,23,24)
(11578,11,17,23,22,28,27,33,32)
(11579,29,28,22,16,10,4,5)
(11580,6,5,4,10,16,22,28,27,33)
(11581,24,18,12,6)
(11582,4,10,16,22)
(11583,8,9,10,16,22,28,29,30,36)
(11584,18,24,30,36)
(11585,3,4,10,16,22,28)
(11586,5,11,17,23,29,30)
(11587,13,19,25,26,32)
(11588,33,27,21,15,9,8,2)
(11589,6,5,4,10,16,22,28,27,33,32)
(11590,20,14,8,7,1)
(11591,13,19,25,26,32)
(11592,34,33,32,26,25,19,13,7,1)
(11593,15,21,22,28,29,35)
(11594,26,20,14,8,2)
(11595,13,19,25,26,32,33,34,35)
(11596,19,13,7,1)
(11597,5,11,17,23,29)
(11598,1,7,8,9,15,21)
(11599,29,28,22,16,10,4,3)
(11600,8,9,10,16,22,28,29,35)
(11601,20,14,8,2)
(11602,24,18,17,16,10,4,3,2)
(11603,14,15,21,22,28,29,30,36)
(11604,18,24,30,36)
(11605,6,5,4,10,16,22,28,27,26,25)
(11606,20,14,8,7,1)
(11607,18,24,30,36)
(11608,26,20,14,8)
(11609,31,25,19,20,14,8,9,10,4,5,6)
(11610,14,15,21,22,28,29,35)
(11611,22,16,10,4,3)
(11612,29,28,22,16,10,4)
(11613,22,16,10,4,3)
(11614,16,22,28,34)
(11615,12,11,17,23,22,28,34)
(11616,31,25,19,20,14,8,9,10)
(11617,35,29,28,22,16,15,9,8)
(11618,32,33,27,28,22,16,10,4,5,6)
(11619,35,36,30,24,18,12,6)
(11620,25,19,20,14,8,2)
(11621,8,14,20,26,32)
(11622,2,8,9,10,16,22,28,29,30)
(11623,9,10,16,22,28,29,30)
(11624,25,19,20,14,8,9,10,4)
(11625,20,14,8,2)
(11626,23,17,16,10,4,3)
(11627,35,29,23,17)
(11628,15,21,22,28,29,35)
(11629,10,16,22,28,29,30,36)
(11630,26,25,19,13,7,1)
(11631,7,8,9,10,16,22,28,29,35)
(11632,2,8,9,10,16,22,28,29,30)
(11633,16,22,28,29,30,36)
(11634,14,15,21,27,33)
(11635,11,17,23,29,30,36)
(11636,31,25,19,20,14,8)
(11637,32,33,27,28,22,16,10,4,3)
(11638,18,24,30,36)
(11639,18,24,30,36)
(11640,27,21,15,9,8)
(11641,18,24,30,36)
(11642,17,23,29,35)
(11643,6,5,11,17,23,29)
(11644,13,19,25,31)
(11645,30,29,28,22,16,15,9,8)
(11646,21,15,9,8,7,1)
(11647,15,21,22,28,29,35)
(11648,34,33,32,26,25,19,13,7,1)
(11649,30,29,28,22,16,10)
(11650,32,26,25,19,13)
(11651,18,24,30,36)
(11652,3,4,10,16,22,28,29,30,36)
(11653,33,27,28,22,16,10,4,5)
(11654,11,17,23,22,28,34)
(11655,25,19,20,14,8,9,10,4,5)
(11656,29,28,22,16,10)
(11657,10,16,22,28,29,30,36)
(11658,34,28,22,16,15,9,8)
(11659,12,11,17,23,29,35)
(11660,33,27,28,22,16,10,11,12)
(11661,26,27,28,22,16,10,4,5,6)
(11662,1,7,8,9,10,16,22,28)
(11663,12,11,17,23,22,28,34)
(11664,17,23,29,30,36)
(11665,29,28,22,16,15,9)
(11666,14,15,21,27,33)
(11667,34,28,22,16,10,11)
(11668,19,13,7,1)
(11669,9,15,21,27)
(11670,6,5,4,10,16,22,28,27,33,32,31)
(11671,9,10,16,22,28,34)
(11672,18,24,30,36)
(11673,12,18,24,30,36)
(11674,24,18,12,6)
(11675,34,28,22,16,10,4,5,6)
(11676,8,14,20,26,32)
(11677,30,29,28,22,16,10,11)
(11678,22,16,10,4)
(11679,34,28,22,16,10)
(11680,4,10,16,22,28,27,33)
(11681,2,8,9,10,16,22,23,24)
(11682,15,21,22,28,29,30,36)
(11683,21,15,9,8,7,1)
(11684,8,9,10,16,22,28,29)
(11685,9,15,21,27)
(11686,35,34,33,32,26,25,19,13,7,1)
(11687,12,18,24,30)
(11688,12,11,17,23,22,28,27,33)
(11689,6,12,18,24)
(11690,6,5,4,10,16,22,28,34)
(11691,23,17,16,15,9,8,7,1)
(11692,28,22,16,10,4,3,2)
(11693,8,14,13,19,25,31)
(11694,26,27,28,22,16,10,4,5,6)
(11695,13,19,25,26,32,33,34,35)
(11696,10,16,22,28,34)
(11697,14,15,21,22,28,29,30,36)
(11698,1,7,8,9,15,21)
(11699,15,21,27,33)
(11700,4,10,16,22,28,27,33,32,31)
(11701,12,11,17,23,22,28,27,33,32)
(11702,17,23,29,35)
(11703,33,27,28,22,16,10,11,12)
(11704,31,25,19,13)
(11705,27,28,22,16,10,4)
(11706,14,15,21,22,28,34)
(11707,15,21,22,28,29,30,36)
(11708,1,7,13,19,25,31)
(11709,25,19,20,14,8,9,10,4)
(11710,34,28,22,16,10,4,5)
(11711,19,13,7,1)
(11712,32,26,20,14,8,2)
(11713,9,10,16,22,28,29,35)
(11714,4,10,16,22,28,27)
(11715,1,7,8,9,10,16,22,28,29,35)
(11716,33,27,21,15,9)
(11717,30,24,18,12,6)
(11718,10,16,22,28,29,30)
(11719,18,24,30,36)
(11720,7,8,9,10,16,22,28,29,30)
(11721,12,11,17,23,22,28,27,33,32)
(11722,28,22,16,15,9)
(11723,25,19,20,14,8,9,10,4,5,6)
(11724,2,8,9,10,16,22)
(11725,34,28,22,16,15,9)
(11726,24,18,17,16,10,4)
(11727,35,36,30,24,18,12,6)
(11728,24,18,17,16,15,9,8,7,1)
(11729,3,4,10,16,22)
(11730,17,23,29,30,36)
(11731,23,17,16,10,4,3)
(11732,36,30,24,18,12,6)
(11733,33,27,21,15,14)
(11734,33,32,26,25,19,13,7)
(11735,15,21,22,28,29,30,36)
(11736,19,13,7,1)
(11737,17,23,29,30,36)
(11738,14,15,21,22,28,29,35)
(11739,24,18,12,6,5)
(11740,7,8,9,10,16,22,28,29,30,36)
(11741,25,19,20,14,8,2)
(11742,24,18,12,6)
(11743,20,14,8,2)
(11744,20,14,8,7,1)
(11745,8,9,10,16,22,28,29,30)
(11746,1,7,8,14,20,26)
(11747,1,7,8,9,10,16,22)
(11748,1,7,8,9,10,16,22,28,34)
(11749,16,22,28,29,30,36)
(11750,17,23,29,35)
(11751,11,17,23,29,30,36)
(11752,9,10,16,22,28,34)
(11753,20,14,8,7,1)
(11754,1,7,8,14,20,26,32)
(11755,11,17,23,29)
(11756,24,18,17,16,10,4)
(11757,6,5,4,10,16,22,28,27,26,25)
(11758,22,16,10,4,3,2)
(11759,29,28,22,16,15,9,8)
(11760,29,28,22,16,10,11)
(11761,10,16,22,28,29,30)
(11762,35,29,28,22,16,10)
(11763,34,33,32,26,25,19,13,7)
(11764,16,22,28,29,30,36)
(11765,30,29,28,22,16,10,4,3,2)
(11766,20,14,8,2)
(11767,6,5,4,10,16,22,28,27,26,25)
(11768,1,7,8,9,10,16,22,23,24)
(11769,33,27,28,22,16,10,4,3)
(11770,13,19,25,31)
(11771,6,5,4,10,16,22,28,27,26)
(11772,8,14,13,19,25,31)
(11773,5,11,17,23,29)
(11774,4,10,16,22,28,27,33,32,31)
(11775,22,16,10,4,3,2)
(11776,14,15,21,22,28,29,30,36)
(11777,23,17,16,15,9,8,7,1)
(11778,34,28,22,16,10,4,3)
(11779,9,8,14,13,19,25,31)
(11780,35,29,28,22,16)
(11781,4,10,16,22,23)
(11782,30,29,28,22,16,15,9,8,7,1)
(11783,15,21,22,28,29,35)
(11784,18,24,30,36)
(11785,17,23,29,30,36)
(11786,36,35,29,28,22,16,10,4)
(11787,14,15,21,27,33)
(11788,22,16,10,4,3)
(11789,20,14,8,7,1)
(11790,20,14,8,2)
(11791,30,24,18,12,6)
(11792,8,9,10,16,22,28,29,35)
(11793,6,5,4,10,16,22,28,34)
(11794,10,16,22,28,27,33,32)
(11795,1,7,8,14,20,26,32)
(11796,27,21,15,9,8)
(11797,22,16,10,4,3)
(11798,34,28,22,16,10,4,3,2)
(11799,16,22,28,29,30,36)
(11800,27,28,22,16,10,4,3)
(11801,26,27,28,22,16,10,4,5,6)
(11802,23,17,16,10,4)
(11803,5,4,10,16,22,28,27,33,32,31)
(11804,9,10,16,22,28)
(11805,27,21,15,9,8,2)
(11806,12,11,17,23,22,28,34)
(11807,28,22,16,10,4,5,6)
(11808,24,18,17,16,10,4,3)
(11809,28,22,16,10,4,3)
(11810,4,10,16,22,28,27,33,32,31)
(11811,8,9,10,16,22,28,29,30,36)
(11812,35,29,28,22,16,10,4,3)
(11813,6,5,4,10,16,22,28,27,26)
(11814,17,23,29,35)
(11815,26,25,19,13,7)
(11816,30,29,28,22,16,10,4,3)
(11817,16,22,28,29,35)
(11818,14,15,21,27,33)
(11819,17,23,29,30,36)
(11820,28,22,16,15,9,8,7)
(11821,23,17,16,10,4,3,2)
(11822,16,22,28,29,35)
(11823,11,17,23,22,28,27,33,32,31)
(11824,14,20,26,32)
(11825,12,18,24,30)
(11826,32,33,27,28,22,16,10,4,5,6)
(11827,33,27,21,15,9)
(11828,30,29,28,22,16,15,9,8)
(11829,26,20,14,8)
(11830,32,26,25,19,13)
(11831,16,22,28,29,30,36)
(11832,4,10,16,22,28)
(11833,36,35,34,33,32,26,25,19,13,7,1)
(11834,12,11,17,23,22,28,27,33)
(11835,1,7,8,9,15,21)
(11836,7,8,9,10,16,22,28)
(11837,18,24,30,36)
(11838,8,9,10,16,22,28,29,30)
(11839,20,14,8,2)
(11840,36,35,29,28,22,16,15,9)
(11841,28,22,16,10,4,5)
(11842,5,11,17,23,29,35)
(11843,20,14,8,7,1)
(11844,23,17,16,10,4,5)
(11845,14,20,26,32)
(11846,16,22,28,34)
(11847,23,17,16,10,4,3)
(11848,12,18,24,30,36)
(11849,30,24,18,12,6)
(11850,3,9,15,21,27)
(11851,18,24,30,36)
(11852,18,24,30,36)
(11853,33,27,28,22,16,10,4,5,6)
(11854,13,19,25,26,32,33,34)
(11855,34,28,22,16,10,4,3,2)
(11856,13,19,25,31)
(11857,23,17,16,10,4,3,2)
(11858,9,15,21,27)
(11859,12,11,17,23,22,28,34)
(11860,18,24,30,36)
(11861,32,33,27,28,22,16,10,4)
(11862,6,5,11,17,23,29,35)
(11863,23,17,16,10,4,3,2)
(11864,13,19,25,26,32,33,34)
(11865,1,7,8,9,10,16,22,28)
(11866,22,16,10,4)
(11867,13,19,25,31)
(11868,28,22,16,10)
(11869,3,4,10,16,22,28)
(11870,26,20,14,8)
(11871,30,24,18,12,6)
(11872,35,29,28,22,16,10,4,3,2)
(11873,18,24,30,36)
(11874,1,7,8,9,15,21)
(11875,8,9,15,21,27,33)
(11876,29,28,22,16,10,4,3,2)
(11877,10,16,22,28,27,33,32,31)
(11878,23,17,16,10,4,3)
(11879,5,11,17,23)
(11880,34,28,22,16,10,4,3)
(11881,19,13,7,1)
(11882,2,8,9,10,16,22)
(11883,29,28,22,16,15,9,8,7,1)
(11884,30,29,28,22,16,10,4)
(11885,24,18,12,6,5)
(11886,22,16,15,9,8,7,1)
(11887,33,27,28,22,16,10,4,3)
(11888,23,17,16,15,9,8,7,1)
(11889,36,35,29,28,22,16)
(11890,22,16,10,4,3,2)
(11891,36,35,34,33,32,26,25,19,13,7,1)
(11892,23,17,16,10,4,3,2)
(11893,24,18,17,16,10,4)
(11894,6,12,18,24,30)
(11895,12,11,17,23,29,35)
(11896,11,17,23,29,30,36)
(11897,33,32,26,25,19,13,7)
(11898,4,10,16,22,28,27,33,32,31)
(11899,24,18,17,16,15,9,8,7,1)
(11900,30,29,28,22,16,10,4,5)
(11901,29,28,22,16,10,4,3)
(11902,33,27,21,15,9,8,2)
(11903,2,8,9,10,16,22,28,29,30,36)
(11904,5,4,10,16,22,28,27)
(11905,34,28,22,16,10,11,12)
(11906,1,7,8,9,10,16,22,28,34)
(11907,18,24,30,36)
(11908,24,18,17,16,10,4,3,2)
(11909,11,17,23,22,28,34)
(11910,19,13,7,1)
(11911,9,15,21,27)
(11912,21,15,9,3)
(11913,11,17,23,29,30)
(11914,10,16,22,28,29,30,36)
(11915,22,16,10,4)
(11916,30,29,28,22,16,15,9,8)
(11917,27,28,22,16,10,4)
(11918,2,8,14,13,19,25)
(11919,24,18,17,16,10,4,3,2)
(11920,5,4,10,16,22,28)
(11921,27,28,22,16,10,4,5)
(11922,25,19,20,14,8,2)
(11923,3,4,10,16,22,23)
(11924,13,19,25,26,32,33)
(11925,18,24,30,36)
(11926,10,16,22,28,29,35)
(11927,35,29,23,17)
(11928,30,29,28,22,16,10,11)
(11929,18,24,30,36)
(11930,15,21,22,28,29,30,36)
(11931,11,17,23,29,30,36)
(11932,22,16,10,4)
(11933,15,21,27,33)
(11934,33,32,26,25,19,13)
(11935,8,9,10,16,22,28,29,30)
(11936,20,14,8,7,1)
(11937,5,11,17,23,29,30)
(11938,23,17,16,10,4,3,2)
(11939,13,19,25,31)
(11940,23,17,16,10,4,3)
(11941,31,25,19,13,7,1)
(11942,5,4,10,16,22,28,27,33,32)
(11943,33,32,26,25,19,13,7,1)
(11944,20,14,8,7,1)
(11945,4,10,16,22)
(11946,24,18,12,6)
(11947,10,16,22,28,29,30,36)
(11948,15,21,27,33)
(11949,1,7,8,14,20,26,32)
(11950,29,28,22,16,10,4,3)
(11951,15,21,22,28,29,35)
(11952,11,17,23,29)
(11953,24,18,17,16,10,4)
(11954,6,5,4,10,16,22,28,27,33)
(11955,24,18,17,16,10,4)
(11956,36,35,29,28,22,16,15,14)
(11957,15,21,27,33)
(11958,11,17,23,29,30,36)
(11959,2,8,9,15,21)
(11960,12,18,24,30)
(11961,32,33,27,28,22,16,10)
(11962,4,10,16,22,28,29)
(11963,33,27,28,22,16,10)
(11964,6,5,11,17,23,29)
(11965,8,9,10,16,22,28,29)
(11966,7,8,9,10,16,22,28,29,30)
(11967,10,16,22,28,29,30)
(11968,28,22,16,10,4,5,6)
(11969,36,35,34,33,32,26,25,19,13,7,1)
(11970,10,16,22,28,34)
(11971,10,16,22,28)
(11972,36,35,29,28,22,16,10,11)
(11973,35,29,28,22,16)
(11974,22,16,15,9,8,7,1)
(11975,11,17,23,29,30)
(11976,24,18,12,6)
(11977,32,33,27,28,22,16,10,11,12)
(11978,2,8,14,13,19,25,31)
(11979,16,22,28,34)
(11980,26,20,14,8,9,3)
(11981,36,35,29,28,22,16,10)
(11982,24,18,17,16,10,4)
(11983,19,13,7,1)
(11984,9,15,21,27,33)
(11985,29,28,22,16,10,4,3)
(11986,17,23,29,35)
(11987,27,28,22,16,10,4,5,6)
(11988,5,11,17,23,29,30,36)
(11989,26,27,28,22,16,10,4,5)
(11990,17,23,29,35)
(11991,19,13,7,1)
(11992,18,24,30,36)
(11993,14,15,21,22,28,29,30,36)
(11994,7,8,14,20,26,32)
(11995,4,10,16,22,28,27,26)
(11996,30,29,28,22,16,15,9,8)
(11997,9,10,16,22,28,29,30)
(11998,10,16,22,28)
(11999,15,21,22,28,29,30,36)
(12000,29,28,22,16,10,4,3,2)
(12001,16,22,28,29,30,36)
(12002,9,8,14,13,19,25,31)
(12003,16,22,28,29,35)
(12004,20,14,8,2)
(12005,3,9,8,14,13,19,25)
(12006,10,16,22,28,29,30,36)
(12007,12,18,24,30,36)
(12008,2,8,9,15,21,27,33)
(12009,30,29,28,22,16,15,9)
(12010,23,17,16,10,4,5)
(12011,31,25,19,20,14,8,9,10,4)
(12012,35,29,28,22,16,10,4,5)
(12013,16,22,28,29,30,36)
(12014,1,7,8,9,10,16,22)
(12015,31,25,19,20,14,8,9,10,4,5,6)
(12016,36,35,29,28,22,16,15,14)
(12017,35,29,28,22,16,15)
(12018,23,17,16,10,4,5)
(12019,21,15,9,8,7,1)
(12020,13,19,25,26,32,33,34,35)
(12021,21,15,9,8,2)
(12022,31,25,19,20,14,8,9,10,4)
(12023,24,18,17,16,10,4,3)
(12024,26,27,28,22,16,10,4,5)
(12025,11,17,23,29,35)
(12026,1,7,8,14,20,26,32)
(12027,2,8,14,20,26)
(12028,36,35,34,33,32,26,25,19,13,7)
(12029,31,25,19,20,14,8,2)
(12030,2,8,9,10,16,22,28,29)
(12031,15,21,22,28,29,30,36)
(12032,23,17,16,10,4,3,2)
(12033,1,7,8,14,20,26,32)
(12034,9,8,14,20,26,32)
(12035,21,15,9,8,2)
(12036,14,15,21,27,33)
(12037,32,33,27,28,22,16,10,4,5,6)
(12038,11,17,23,29,35)
(12039,23,17,16,10,4,3,2)
(12040,10,16,22,28,29,35)
(12041,15,21,22,28,34)
(12042,20,14,8,7,1)
(12043,5,4,10,16,22,28,27,33)
(12044,34,28,22,16,10,4,3,2)
(12045,10,16,22,28,34)
(12046,1,7,8,9,15,21,27)
(12047,20,14,8,7,1)
