#(carId,StartTime,RoadId...)
(10000,10,16,22,28)
(10001,17,23,29,35)
(10002,15,21,27,28,34,35,36)
(10003,25,19,13,14,8,9,10,11,5)
(10004,11,17,23,24,30)
(10005,27,28,22,16,10,4)
(10006,9,10,11,17,23,24,30,36)
(10007,7,13,19,20,21,27,33)
(10008,34,28,27,21,20,19,13,7,1)
(10009,13,19,20,21,27,33)
(10010,8,14,20,21,27)
(10011,3,9,10,11,17,23,24)
(10012,14,20,26,32)
(10013,19,13,7,1)
(10014,3,9,10,11,17,23)
(10015,21,15,9,3,2)
(10016,2,8,14,20,26)
(10017,21,20,19,13,7,1)
(10018,14,20,26,32)
(10019,29,28,27,21,15,9,3)
(10020,31,25,19,13,14,8,2)
(10021,9,15,21,27)
(10022,10,16,22,28,34,35)
(10023,26,27,28,22,16,10,4)
(10024,20,14,8,2)
(10025,4,10,16,22)
(10026,7,13,19,20,21,27,28,29)
(10027,22,16,10,4)
(10028,10,16,22,28,27,33)
(10029,28,27,21,20,19,13,7)
(10030,33,27,28,22,16,10,4)
(10031,23,17,16,10,11,5)
(10032,31,25,19,13,14,8,9)
(10033,15,21,27,28,34,35,36)
(10034,30,24,18,12,6)
(10035,34,28,22,16,10,11,5)
(10036,33,27,21,15,9)
(10037,26,27,28,22,16,10,11,5,6)
(10038,20,19,13,7,1)
(10039,31,25,19,13,14,8,9)
(10040,5,11,10,16,22,28,27,26)
(10041,20,19,13,7,1)
(10042,26,27,28,22,16,10,11,5)
(10043,3,9,10,16,22)
(10044,32,26,20,14)
(10045,30,29,28,27,21,20,19,13,7)
(10046,28,22,16,10)
(10047,23,17,16,10,4,3,2)
(10048,24,23,17,16,10,4)
(10049,24,23,17,16,10,4,3)
(10050,25,19,13,7,1)
(10051,26,27,28,22,16,10,11,5)
(10052,17,23,29,35)
(10053,21,15,9,3)
(10054,18,24,30,36)
(10055,20,14,8,2)
(10056,8,14,20,21,27,33)
(10057,10,11,17,23,24,30)
(10058,34,28,27,21,20,19,13,7)
(10059,12,11,10,16,22,28,27,26,32)
(10060,31,25,19,13,7)
(10061,7,13,19,20,21,27,28,29)
(10062,25,19,13,7)
(10063,36,30,24,23,17,16,15)
(10064,18,24,30,36)
(10065,24,18,12,6)
(10066,11,10,16,22,28,27,33)
(10067,30,29,28,27,21,20,19,13,7,1)
(10068,1,2,3,9,10,16,22)
(10069,12,11,10,16,22,28,27,26,32)
(10070,28,27,21,20,19,13,7)
(10071,7,13,19,20,21,27,28)
(10072,4,10,16,22,28,27,26,32,31)
(10073,21,15,9,3,2)
(10074,28,27,21,20,14,8)
(10075,6,5,11,17,23,29)
(10076,17,23,29,35)
(10077,1,7,13,19,20,21,27)
(10078,33,27,28,22,16,10,11)
(10079,13,19,20,21,27,33)
(10080,18,24,30,36)
(10081,19,13,7,1)
(10082,7,13,19,20,21,27,33)
(10083,2,3,9,15,21,27,33)
(10084,19,13,7,1)
(10085,11,10,16,22,28,34)
(10086,20,19,13,7,1)
(10087,13,19,25,31)
(10088,16,22,28,34)
(10089,32,31,25,19,13,7)
(10090,7,13,19,20,26,32)
(10091,34,28,27,21,20,14)
(10092,36,30,29,28,27,21,20,19,13,7)
(10093,34,28,22,16,10,11,5,6)
(10094,27,21,20,19,13,7)
(10095,17,23,29,35)
(10096,20,19,13,7,1)
(10097,32,26,20,21,15,9,3)
(10098,19,13,7,1)
(10099,32,26,20,21,15,9,3)
(10100,29,23,17,16,10,4)
(10101,8,9,10,16,22,28)
(10102,19,13,7,1)
(10103,28,22,16,10,11,5,6)
(10104,9,10,16,22,28,34)
(10105,6,5,11,10,16,22,28,27,26)
(10106,26,20,19,13,7)
(10107,7,13,19,20,26)
(10108,17,23,24,30,36)
(10109,33,27,21,20,14,8)
(10110,8,14,13,19,25,31)
(10111,12,11,17,23,29,35)
(10112,10,11,17,23,29)
(10113,19,13,7,1)
(10114,32,31,25,19,13)
(10115,17,23,29,35)
(10116,29,28,27,21,15,9)
(10117,32,26,27,28,22,16,10)
(10118,32,31,25,19,13,7)
(10119,6,5,11,10,16,15,14,13,19,25)
(10120,33,27,21,20,14)
(10121,19,13,7,1)
(10122,24,23,17,16,10,4)
(10123,3,9,10,16,22,28,34)
(10124,11,17,23,24,30,36)
(10125,6,5,11,10,16,22,28,27,33)
(10126,19,13,7,1)
(10127,2,3,9,10,11,17,23,24,30,36)
(10128,34,28,27,21,20,14,8)
(10129,26,20,21,15,9,3)
(10130,27,28,22,16,10,11,5)
(10131,22,16,10,4)
(10132,28,27,21,15,9,3,2)
(10133,16,22,28,34,35)
(10134,27,28,22,16,10,11,5)
(10135,31,25,19,13,14,8,2)
(10136,8,9,10,11,17,23,24,30)
(10137,21,15,9,3,2)
(10138,29,23,17,16,10,11)
(10139,20,19,13,7,1)
(10140,23,17,16,10,4,3,2,1)
(10141,11,17,23,29)
(10142,2,3,9,10,16,22,28,34,35)
(10143,35,29,23,17,18,12,6)
(10144,6,5,11,10,16,22,28)
(10145,6,5,11,10,16,22,28,27,26)
(10146,16,17,23,24,30,36)
(10147,26,27,28,22,16,10,11,5,6)
(10148,13,19,20,21,27,28,34)
(10149,18,24,30,36)
(10150,18,24,30,36)
(10151,2,3,9,10,16,22,28)
(10152,29,28,27,21,20,19,13,7,1)
(10153,14,20,21,27,28,34)
(10154,1,2,3,9,10,16,22,28,34)
(10155,28,27,21,15,9,3,2)
(10156,32,26,27,28,22,16,10)
(10157,23,17,16,10,4,3,2,1)
(10158,15,21,27,28,34,35)
(10159,7,13,19,20,21,27)
(10160,11,17,23,24,30)
(10161,32,26,27,28,22,16,10,11,12)
(10162,26,20,21,15,9,3)
(10163,14,20,21,27,28,34)
(10164,26,20,19,13,7,1)
(10165,3,9,15,21,27,33)
(10166,35,29,23,17,16,10,11)
(10167,3,9,15,21,20,26,32)
(10168,20,19,13,7,1)
(10169,2,3,9,10,16,22,28,34)
(10170,13,19,20,26,32)
(10171,2,3,9,15,21,27,33)
(10172,26,20,21,15,9,3)
(10173,35,29,28,27,21,20,19,13)
(10174,12,11,17,23,29,35)
(10175,34,28,27,21,15,9,3,2)
(10176,6,5,11,10,16,22,28,27)
(10177,13,19,20,21,27,28,34,35)
(10178,29,28,27,21,20,19,13,7,1)
(10179,4,10,16,22,28,34,35)
(10180,33,27,21,15,9,3,2)
(10181,5,11,17,23,29,35)
(10182,25,19,13,7)
(10183,5,11,17,23)
(10184,31,25,19,13)
(10185,13,19,25,31)
(10186,16,22,28,34)
(10187,3,9,10,11,17,23,29)
(10188,36,30,29,28,27,21,20,19,13,7,1)
(10189,6,12,18,24,30,36)
(10190,24,23,17,16,10,4,3)
(10191,32,31,25,19,13)
(10192,12,18,24,30,36)
(10193,10,11,17,23,24,30,36)
(10194,34,28,27,21,20,19,13)
(10195,25,19,13,7,1)
(10196,2,3,9,10,16,22,28,34,35)
(10197,27,28,22,16,10,4)
(10198,7,13,19,20,21,27,33)
(10199,30,29,28,27,21,20,14,8)
(10200,16,17,23,24,30,36)
(10201,18,24,30,36)
(10202,29,28,27,21,20,19,13,7)
(10203,17,23,29,35)
(10204,25,19,13,7)
(10205,25,19,13,14,8,9,10,11,5)
(10206,25,19,13,7)
(10207,32,31,25,19,13)
(10208,10,16,22,28,27,33)
(10209,19,13,7,1)
(10210,9,10,11,17,23,29)
(10211,12,11,10,16,22,28,27,26,32)
(10212,25,19,13,7,1)
(10213,21,20,19,13,7,1)
(10214,8,14,13,19,25,31)
(10215,19,13,7,1)
(10216,14,20,21,27,28,34,35)
(10217,12,18,24,30)
(10218,19,13,7,1)
(10219,21,15,9,3,2)
(10220,9,15,21,27)
(10221,22,16,10,4,3,2)
(10222,8,9,10,16,22,28,34,35)
(10223,16,17,23,24,30,36)
(10224,4,10,16,22)
(10225,12,18,24,30)
(10226,3,9,10,16,22,28)
(10227,28,27,21,20,19,13,7)
(10228,10,16,22,28,27,26,32)
(10229,26,20,14,8)
(10230,29,28,27,21,20,19,13,7,1)
(10231,36,30,24,23,17,16,10,4,3)
(10232,29,28,27,21,20,19,13,7,1)
(10233,10,11,17,23,24,30,36)
(10234,4,10,16,22,28)
(10235,16,22,28,34,35)
(10236,1,7,13,19,20,26,32)
(10237,9,10,16,22,28,34,35)
(10238,34,28,27,21,15,9,3)
(10239,27,21,15,9,3)
(10240,34,28,27,21,15)
(10241,11,10,16,22,28,27,33)
(10242,15,21,27,28,34,35,36)
(10243,31,32,26,27,28,22,16,10,11)
(10244,13,19,20,21,27,28,34,35)
(10245,19,13,7,1)
(10246,29,28,27,21,15,9,3,2)
(10247,8,14,20,26)
(10248,5,11,17,23,24,30,36)
(10249,13,19,25,31)
(10250,24,18,12,6)
(10251,30,29,28,27,21,20,19,13,7,1)
(10252,17,23,29,35)
(10253,4,10,16,22,28,34)
(10254,30,24,18,12)
(10255,33,27,28,22,16,10,11,5)
(10256,29,28,27,21,20,19,13,7,1)
(10257,24,23,17,16,10,4,3,2,1)
(10258,33,27,28,22,16,10,11,5)
(10259,16,22,28,34,35)
(10260,34,28,27,21,15,9)
(10261,31,32,26,27,28,22,16,10,4)
(10262,19,13,7,1)
(10263,10,16,22,28,27,26,32,31)
(10264,16,17,23,24,30,36)
(10265,23,17,16,10,4)
(10266,6,5,11,17,23,29)
(10267,29,23,17,16,10,11)
(10268,28,27,21,20,19,13,7,1)
(10269,23,17,16,10,4,3,2,1)
(10270,13,19,20,21,27,28,34,35,36)
(10271,10,16,22,28)
(10272,21,15,9,3)
(10273,8,14,20,21,27,33)
(10274,27,21,15,9,3,2)
(10275,3,9,10,11,17,23,24)
(10276,8,9,10,16,22,28,34,35)
(10277,29,28,27,21,20,19,13,7,1)
(10278,30,24,23,17,16,15,9)
(10279,16,22,28,34,35)
(10280,32,26,27,28,22,16,10)
(10281,11,17,23,29,35)
(10282,6,5,11,10,16,22,28,34)
(10283,2,3,9,10,11,17,23)
(10284,6,5,11,10,16,22,28,27,33)
(10285,24,18,12,6)
(10286,9,10,16,22,28)
(10287,26,20,14,8,2)
(10288,16,22,28,34,35)
(10289,31,32,26,27,28,22,16,10)
(10290,32,26,27,28,22,16,10,11,12)
(10291,19,13,7,1)
(10292,16,22,28,34,35)
(10293,11,17,23,29)
(10294,31,32,26,27,28,22,16,10,11,12)
(10295,29,23,17,16,10,11,5)
(10296,31,32,26,27,28,22,16,10,4)
(10297,29,28,27,21,15,9,3,2)
(10298,12,18,24,30)
(10299,21,15,9,3,2)
(10300,1,2,3,9,10,11,17,23,24,30,36)
(10301,15,21,27,28,34,35,36)
(10302,21,15,9,3)
(10303,25,19,13,14,8,2,3)
(10304,14,20,21,27,33)
(10305,16,22,28,34,35)
(10306,26,20,19,13,7)
(10307,5,11,10,16,15,14,13,19,25)
(10308,12,11,10,16,22,28,34)
(10309,31,32,26,27,28,22,16,10,11,5)
(10310,8,14,20,21,27)
(10311,9,10,16,22,28)
(10312,36,30,24,23,17,16,10,4,3)
(10313,9,15,21,27)
(10314,20,19,13,7,1)
(10315,31,32,26,27,28,22,16,10)
(10316,26,20,19,13,7,1)
(10317,34,28,27,21,15,9,3)
(10318,18,24,30,36)
(10319,19,13,7,1)
(10320,33,27,21,15,9)
(10321,5,11,17,23,24,30,36)
(10322,8,9,10,11,17,23,29)
(10323,27,21,20,19,13,7,1)
(10324,3,9,10,16,22,28,34,35)
(10325,21,15,9,3,2)
(10326,29,28,27,21,15,9)
(10327,25,19,13,14,8,2)
(10328,32,26,20,14,8)
(10329,23,17,16,10,4,3,2)
(10330,14,20,21,27,28,34,35,36)
(10331,1,7,13,19,25,31)
(10332,11,10,16,22,28,27,33)
(10333,21,20,19,13,7,1)
(10334,4,5,11,17,23,24,30,36)
(10335,21,15,9,3,2)
(10336,4,5,11,17,23,24,30,36)
(10337,34,28,22,16,10,11,5)
(10338,33,27,21,20,19,13,7)
(10339,12,18,24,30)
(10340,24,23,17,16,10,4,3,2,1)
(10341,6,5,11,10,16,22,28)
(10342,5,11,17,23)
(10343,17,23,24,30,36)
(10344,19,13,7,1)
(10345,22,16,10,4,3)
(10346,6,12,18,24,30,36)
(10347,16,22,28,34,35)
(10348,6,5,11,10,16,22,28,34)
(10349,26,27,28,22,16,10,11,5)
(10350,32,26,27,28,22,16,10,11)
(10351,7,13,19,20,21,27,28,34)
(10352,30,24,18,12,6)
(10353,33,27,21,15,9,3)
(10354,31,32,26,27,28,22,16,10)
(10355,33,27,28,22,16,10)
(10356,18,24,30,36)
(10357,29,28,27,21,20,14,8)
(10358,2,8,14,13,19,25)
(10359,6,5,11,10,16,22,28,27,26,32,31)
(10360,24,18,12,6,5)
(10361,3,2,8,14,13,19,25)
(10362,10,16,22,28,27,26,32)
(10363,34,28,27,21,20,14,8)
(10364,21,15,9,3,2)
(10365,12,18,24,30)
(10366,14,20,21,27,28,34,35,36)
(10367,34,28,27,21,20,19,13,7,1)
(10368,15,21,27,28,34,35,36)
(10369,24,18,12,6)
(10370,6,5,11,10,16,22,28)
(10371,12,11,10,16,22,28,34)
(10372,29,23,17,16,10,11)
(10373,9,10,16,22,28)
(10374,24,23,17,16,10,4)
(10375,25,19,13,14,8,2)
(10376,36,30,24,18,12,11)
(10377,6,12,18,24)
(10378,10,16,22,28,27,26,32,31)
(10379,32,26,20,14,8)
(10380,12,11,10,16,22,28,27,26,32,31)
(10381,14,20,21,27,28,34,35,36)
(10382,6,5,11,10,16,22,28,27,26,32,31)
(10383,24,23,17,16,10,4,3,2,1)
(10384,4,10,16,22,28,27,26,32,31)
(10385,6,5,11,17,23,29)
(10386,36,30,24,23,17,16,10)
(10387,31,25,19,13,14,8,2,3)
(10388,31,32,26,27,28,22,16,10,11,12)
(10389,1,7,13,19,25)
(10390,24,23,17,16,10,4)
(10391,25,19,13,14,8,9,10,11,5)
(10392,20,14,8,2)
(10393,20,19,13,7,1)
(10394,15,21,27,28,34)
(10395,23,17,16,10,11,5)
(10396,9,15,21,20,26,32)
(10397,13,19,20,21,27,28,34,35)
(10398,13,19,20,26,32)
(10399,16,22,28,34,35)
(10400,9,15,21,27)
(10401,6,12,18,24,30,36)
(10402,26,20,19,13,7,1)
(10403,10,11,17,23,24,30,36)
(10404,17,23,29,35)
(10405,19,13,7,1)
(10406,14,20,26,32)
(10407,36,30,24,18)
(10408,20,19,13,7,1)
(10409,35,29,23,17,16,10,11,5)
(10410,15,21,27,28,34,35)
(10411,13,19,25,31)
(10412,35,29,28,27,21,15,9,3)
(10413,17,23,29,35)
(10414,35,29,23,17,16,10,11,5)
(10415,31,32,26,27,28,22,16,10,11,5)
(10416,23,17,16,10,4,3)
(10417,5,11,10,16,22,28,27,26,32)
(10418,12,11,10,16,22,28,34)
(10419,4,10,16,22,28,27,26,32,31)
(10420,24,23,17,16,10,4,3,2)
(10421,26,27,28,22,16,10,4)
(10422,11,17,23,29,35)
(10423,17,23,24,30,36)
(10424,20,14,8,2)
(10425,2,3,9,15,21,27)
(10426,24,23,17,16,10,4,3,2)
(10427,7,13,19,20,21,27,28,34,35)
(10428,6,5,11,17,23,29,35)
(10429,1,2,3,9,10,11,17,23,24,30,36)
(10430,13,19,20,21,27,28,34)
(10431,14,20,21,27,28,34,35)
(10432,31,32,26,27,28,22,16,10,11,5,6)
(10433,24,23,17,16,10,4,3,2,1)
(10434,28,27,21,15,9,3,2)
(10435,32,26,20,14,8)
(10436,17,23,24,30,36)
(10437,28,27,21,20,14,8)
(10438,21,15,9,3,2)
(10439,4,10,16,22,28,27)
(10440,7,13,19,20,21,27,33)
(10441,4,10,16,22,28,27,33)
(10442,24,23,17,16,10,4,3,2,1)
(10443,32,26,20,21,15,9)
(10444,22,16,10,4,3,2,1)
(10445,10,16,22,28,27,26,32,31)
(10446,33,27,21,20,14)
(10447,34,28,27,21,15)
(10448,11,17,23,24,30)
(10449,27,28,22,16,10,11,5,6)
(10450,22,16,10,4,3)
(10451,1,2,3,9,10,11,17,23,24,30)
(10452,35,29,28,27,21,15,9,3,2)
(10453,31,32,26,27,28,22,16,10,11,12)
(10454,18,24,30,36)
(10455,23,17,16,10,4,3)
(10456,23,17,16,10,4,3,2)
(10457,8,14,13,19,25,31)
(10458,35,29,23,17,16)
(10459,1,7,13,19,25,31)
(10460,11,10,16,22,28,27,33)
(10461,27,21,20,19,13,7,1)
(10462,30,29,28,27,21,20,14,8)
(10463,3,2,8,14,13,19,25)
(10464,13,19,25,31)
(10465,26,20,14,8,2)
(10466,27,21,15,9)
(10467,1,7,13,19,25)
(10468,23,17,16,10,4,3,2,1)
(10469,7,13,19,20,21,27)
(10470,34,28,27,21,20,19,13)
(10471,12,11,10,16,22,28,27,33)
(10472,18,24,30,36)
(10473,24,18,12,6)
(10474,8,9,10,11,17,23,24,30,36)
(10475,6,5,11,10,16,22,28,27,26,32)
(10476,19,13,7,1)
(10477,36,30,24,23,17,16,10,4,3,2)
(10478,22,16,10,4,3,2,1)
(10479,2,3,9,10,11,17,23,24)
(10480,3,9,15,21,27,33)
(10481,6,5,11,10,16,15,14,13,19,25)
(10482,34,28,22,16,10,11,5)
(10483,34,28,22,16,10,11)
(10484,15,21,27,28,34,35,36)
(10485,3,9,10,11,17,23,24,30)
(10486,12,11,17,23,29,35)
(10487,27,21,15,9)
(10488,27,21,20,19,13,7)
(10489,21,15,9,3)
(10490,14,20,21,27,28,34,35,36)
(10491,30,24,18,12,11)
(10492,27,21,20,19,13,7)
(10493,26,27,28,22,16,10,11,5,6)
(10494,23,17,16,10,11,5)
(10495,14,20,26,32)
(10496,35,29,23,17,18,12,6)
(10497,8,9,10,11,17,23,24,30)
(10498,20,19,13,7,1)
(10499,13,19,25,31)
(10500,18,24,30,36)
(10501,16,22,28,34,35)
(10502,30,24,23,17,16,10,4)
(10503,26,20,19,13,7,1)
(10504,15,21,27,28,34)
(10505,24,23,17,16,10,4,3)
(10506,4,5,11,17,23,24)
(10507,1,7,13,19,25,31)
(10508,12,18,24,30)
(10509,2,8,14,13,19,25,31)
(10510,28,27,21,20,19,13,7)
(10511,7,13,19,20,26,32)
