#(carId,StartTime,RoadId...)
(10000,28,22,16,10,9,3)
(10001,16,22,28,34)
(10002,31,25,19,13,14,15,9)
(10003,22,16,10,4)
(10004,27,21,15,14,13,7)
(10005,20,14,13,7,1)
(10006,2,8,9,10,16,22,23,24,30,36)
(10007,5,4,10,16,22,28)
(10008,20,14,13,7,1)
(10009,1,7,8,9,10,16,22,23,24)
(10010,7,13,19,25,26,32)
(10011,11,10,16,15,14,20,26,32)
(10012,33,27,21,15,16,10)
(10013,35,29,23,17,11,5)
(10014,26,27,28,29,23,24,18,12,6)
(10015,4,10,16,22)
(10016,31,25,19,13,7,1)
(10017,6,12,18,17,23,29)
(10018,22,16,10,4)
(10019,20,14,8,2)
(10020,6,12,18,17,23,29,35)
(10021,1,7,8,9,10,16,22,23,24,30,36)
(10022,30,29,28,27,21,15,14,8)
(10023,13,19,25,26,27,33)
(10024,17,23,29,35)
(10025,17,18,24,30,36)
(10026,13,14,15,16,22,23,29,35)
(10027,10,16,15,21,27,33)
(10028,29,23,22,16,10,4)
(10029,4,10,16,22,23,24,30)
(10030,14,15,21,27,33)
(10031,13,14,15,16,22,28,34)
(10032,21,15,14,13,7,1)
(10033,16,22,23,29,35)
(10034,3,9,10,16,22,23,29,35)
(10035,2,8,9,10,16,22,23,24)
(10036,17,18,24,30,36)
(10037,24,18,12,6)
(10038,16,22,23,24,30,36)
(10039,13,19,25,26,27,33)
(10040,17,18,24,30,36)
(10041,31,25,19,13)
(10042,34,28,22,16)
(10043,23,17,11,5)
(10044,28,22,16,10)
(10045,23,22,16,10,4)
(10046,3,9,8,14,20,26,32)
(10047,35,29,28,27,21,15,14)
(10048,17,18,24,30,36)
(10049,28,27,21,15,14,13,7)
(10050,1,7,13,19,25,26)
(10051,19,13,7,1)
(10052,22,16,15,14,13,7,1)
(10053,19,13,7,1)
(10054,25,19,13,14,15,16,17,18,12,6)
(10055,17,23,29,35)
(10056,36,30,24,18)
(10057,23,17,11,5)
(10058,18,24,30,36)
(10059,27,21,15,16,10,4,5)
(10060,30,24,23,22,16,10)
(10061,7,8,9,10,16,22,23,24,30)
(10062,22,16,10,4)
(10063,2,8,9,10,16,22,23,24,30,36)
(10064,32,26,25,19,13,7)
(10065,5,6,12,18,24,30,36)
(10066,3,9,15,21,27,33)
(10067,27,21,15,9)
(10068,24,23,22,16,10,4)
(10069,19,13,7,1)
(10070,22,16,15,14,13,7,1)
(10071,6,12,18,17,16,15,14,13,19,25,31)
(10072,34,28,22,16,10,9)
(10073,2,8,14,20)
(10074,23,17,11,5)
(10075,4,10,16,15,14,20,26,32)
(10076,10,16,22,28)
(10077,8,9,15,21,27,33)
(10078,33,27,21,15,9,3)
(10079,7,8,9,10,16,22,23,24,30,36)
(10080,30,24,18,12,6,5)
(10081,3,9,10,16,22,23)
(10082,27,21,15,9,3)
(10083,11,12,18,24,30,36)
(10084,10,16,22,28)
(10085,6,12,18,17,23,29,28,27,33)
(10086,35,29,28,27,21,15,14)
(10087,11,17,23,29,35)
(10088,18,24,30,36)
(10089,23,17,11,5)
(10090,2,8,9,10,16,22,23)
(10091,34,28,22,16,10,9,3)
(10092,32,33,27,21,15,16,10)
(10093,30,24,23,22,16,10,4)
(10094,9,10,16,22,23,29,35)
(10095,31,25,19,13,14,15,9)
(10096,34,28,22,16,10,11)
(10097,35,29,23,17,11)
(10098,7,13,19,25,26)
(10099,18,24,30,36)
(10100,1,7,8,9,10,16,22)
(10101,19,13,7,1)
(10102,25,19,13,14,15,16,10,4)
(10103,34,28,22,16,10,9,3)
(10104,3,9,8,14,20,26,32)
(10105,19,13,7,1)
(10106,23,22,16,10,9,3)
(10107,14,20,26,32)
(10108,10,16,22,23,29)
(10109,26,20,14,8)
(10110,17,18,24,30,36)
(10111,10,16,15,14,13,19,25,31)
(10112,2,8,9,10,16,22)
(10113,15,16,22,23,24,30,36)
(10114,29,23,22,16,10,9,3)
(10115,17,23,29,35)
(10116,25,19,13,14,8,2)
(10117,17,18,24,30,36)
(10118,24,18,12,6)
(10119,23,17,11,5)
(10120,28,22,16,10)
(10121,17,18,24,30,36)
(10122,6,12,18,24,30,36)
(10123,28,27,21,15,14,13,7,1)
(10124,10,16,22,23,29,35)
(10125,20,14,8,2)
(10126,32,33,27,21,15,16,10,4)
(10127,30,24,18,12,11)
(10128,7,13,19,25)
(10129,12,18,17,23,29,28,34)
(10130,8,9,10,16,22,23,29,35)
(10131,2,8,9,10,16,22,23,24,30,36)
(10132,19,13,7,1)
(10133,35,29,23,22,16,10,9,3)
(10134,26,25,19,13,7)
(10135,2,8,9,10,16,22,28,34)
(10136,9,10,16,22,23,29)
(10137,6,12,18,17,23,29,28)
(10138,30,24,18,12,11)
(10139,36,30,24,23,22,16,10)
(10140,34,28,27,21,15,14,8)
(10141,29,28,27,21,15,14,8,2)
(10142,31,25,19,13,14,15,16,17,18,12)
(10143,29,28,27,21,15,14,8)
(10144,23,22,16,10,4)
(10145,8,14,20,26,32)
(10146,14,15,16,22,23,24,30,36)
(10147,29,23,22,16,10,4)
(10148,6,12,18,17,16,15,14,13,19,25,31)
(10149,3,9,10,16,22,28)
(10150,24,18,12,6,5)
(10151,22,16,10,9,3)
(10152,20,14,8,2)
(10153,19,13,7,1)
(10154,5,4,10,16,15,14,20,26)
(10155,32,26,20,14)
(10156,6,12,18,17,16,15,14,13,19,25)
(10157,6,12,18,17,16,15,14,13,19,25,31)
(10158,32,33,27,21,15,16,10,4)
(10159,23,17,11,5)
(10160,29,23,22,16,10,4)
(10161,10,16,22,23,29)
(10162,30,24,18,12)
(10163,21,15,14,8,2)
(10164,24,23,22,16,10,9,3)
(10165,13,19,25,26,32)
(10166,30,29,28,27,21,15,14,13,7)
(10167,27,21,15,14,13,7)
(10168,35,29,23,22,16,10)
(10169,10,16,22,23,24,30,36)
(10170,5,4,10,16,22,28)
(10171,15,21,27,33)
(10172,34,28,22,16,10,9,3)
(10173,7,8,9,10,16,22,23,29,35)
(10174,2,8,14,20,26)
(10175,36,30,24,23,22,16,10,4)
(10176,12,18,17,23,29,28,27,33)
(10177,30,24,18,12)
(10178,12,18,17,23,29,35)
(10179,11,17,23,29)
(10180,20,14,13,7,1)
(10181,17,23,29,35)
(10182,10,16,15,14,13,19,25,31)
(10183,28,22,16,10,9)
(10184,32,26,20,14)
(10185,9,8,7,13,19,25,31)
(10186,6,12,18,17,23,29,28,27)
(10187,6,12,18,17,23,29,28)
(10188,13,14,15,16,22,23,29,35)
(10189,4,10,16,22,23)
(10190,20,14,8,2)
(10191,27,21,15,16,10,4,5)
(10192,11,12,18,24,30,36)
(10193,16,22,28,34)
(10194,20,14,13,7,1)
(10195,27,21,15,14,13,7,1)
(10196,28,27,21,15,14,8,2)
(10197,31,25,19,13,7,1)
(10198,24,23,22,16,15,14,13,7,1)
(10199,21,15,14,13,7,1)
(10200,1,7,8,9,15,21)
(10201,20,14,13,7,1)
(10202,27,21,15,14,8)
(10203,4,10,16,22,23,29)
(10204,24,23,22,16,10,4)
(10205,28,27,21,15,14,13,7)
(10206,22,16,10,4)
(10207,21,15,14,13,7,1)
(10208,15,16,22,23,24,30,36)
(10209,34,28,22,16)
(10210,32,26,20,14,8,2)
(10211,31,25,19,13,14,15,9,3)
(10212,30,29,28,27,21,15,14,13,7)
(10213,24,18,12,6,5)
(10214,34,28,27,21,15)
(10215,7,13,19,25,26,32)
(10216,6,12,18,17,23,29,28,27,33)
(10217,20,14,13,7,1)
(10218,12,18,17,23,29,35)
(10219,8,14,20,26)
(10220,8,9,15,21,27)
(10221,1,7,13,19,25)
(10222,21,15,14,13,7,1)
(10223,16,22,23,29,35)
(10224,17,18,24,30,36)
(10225,12,18,17,23,29,35)
(10226,24,18,12,6,5)
(10227,7,13,19,25,26,27,33)
(10228,9,15,21,27,33)
(10229,28,27,21,15,14,8)
(10230,19,13,7,1)
(10231,26,20,14,15,16,10,4,5)
(10232,36,30,24,18,12,11)
(10233,23,22,16,15,14,8,2)
(10234,17,18,24,30,36)
(10235,16,22,23,24,30,36)
(10236,32,26,20,14)
(10237,18,24,30,36)
(10238,7,13,19,25,31)
(10239,15,16,22,23,24,30,36)
(10240,17,18,24,30,36)
(10241,28,22,16,10,4,5)
(10242,8,9,10,16,22,23,29,35)
(10243,29,23,22,16,10,9)
(10244,27,21,15,16,10,4,5)
(10245,34,28,22,16,10,9)
(10246,13,19,25,26,32)
(10247,1,7,13,19,25,31)
(10248,2,8,14,20)
(10249,11,10,16,22,28,34)
(10250,29,28,27,21,15,14,8)
(10251,19,13,7,1)
(10252,16,22,28,34)
(10253,5,4,10,16,22,28)
(10254,4,10,16,22,23)
(10255,22,16,10,4)
(10256,25,19,13,14,15,16,10,4)
(10257,13,14,15,16,22,23,24,30,36)
(10258,24,23,22,16,10,9,3)
(10259,4,10,16,22,23)
(10260,31,25,19,13,14,8)
(10261,32,26,25,19,13)
(10262,10,16,22,23,24,30,36)
(10263,21,15,14,13,7,1)
(10264,33,27,21,15,16,10,11)
(10265,9,10,16,22,28)
(10266,12,18,17,23,29,35)
(10267,3,9,10,16,22,28,34)
(10268,21,15,9,3)
(10269,30,24,18,12,6)
(10270,29,28,27,21,15,14,13,7)
(10271,21,15,14,8,2)
(10272,16,22,28,34)
(10273,9,15,21,27)
(10274,11,10,16,15,14,13,19,25,31)
(10275,27,21,15,9,3)
(10276,9,15,21,27)
(10277,23,22,16,15,14,13,7,1)
(10278,35,29,23,24,18,12)
(10279,33,27,28,29,23,24,18,12)
(10280,27,21,15,9)
(10281,16,22,28,34)
(10282,20,14,8,2)
(10283,5,4,10,16,15,21,27)
(10284,3,9,10,16,22,28,34)
(10285,25,19,13,7)
(10286,6,12,18,17,16,15,14,13,19,25,31)
(10287,8,9,10,16,22,23,24,30,36)
(10288,2,8,9,15,21,27,33)
(10289,13,19,25,26,32)
(10290,5,11,17,23,29)
(10291,26,20,14,15,9,3)
(10292,31,25,19,13,14,8,2)
(10293,1,7,8,9,10,16,22,23,29,35)
(10294,25,19,13,14,15,9,3)
(10295,21,15,14,13,7,1)
(10296,6,12,18,17,23,29,28)
(10297,36,30,24,23,22,16)
(10298,3,9,10,16,22,23,24)
(10299,19,13,7,1)
(10300,29,23,22,16,10,9)
(10301,6,12,18,24,30)
(10302,5,4,10,16,15,14,13,19,25)
(10303,21,15,9,3)
(10304,33,27,21,15,16,10,4,5)
(10305,17,18,24,30,36)
(10306,17,23,29,35)
(10307,13,19,25,26,27,33)
(10308,7,8,9,10,16,22,23,29,35)
(10309,23,17,11,5)
(10310,26,20,14,15,16,10,4,5)
(10311,9,10,16,22,23,29)
(10312,3,9,10,16,22)
(10313,14,20,26,32)
(10314,5,11,17,23)
(10315,25,19,13,7)
(10316,32,26,25,19,13)
(10317,24,18,12,6,5)
(10318,36,30,24,23,17)
(10319,36,30,29,28,27,21,15,14,13)
(10320,11,17,23,29,35)
(10321,6,12,18,17,16,15,14,13,19,25,31)
(10322,27,21,15,16,10,4,5)
(10323,32,26,25,19,13,7,1)
(10324,22,16,15,14,13,7,1)
(10325,33,27,21,15,14,8)
(10326,33,27,21,15,9,3)
(10327,3,9,8,7,13,19,25,31)
(10328,21,15,14,8,2)
(10329,9,10,16,22,23,24,30)
(10330,8,9,10,16,22,23,24,30)
(10331,7,13,19,25,26,27,33)
(10332,12,18,24,30)
(10333,9,10,16,22,23,29)
(10334,6,12,18,24)
(10335,35,29,23,24,18,12)
(10336,27,28,29,23,24,18,12,6)
(10337,34,28,27,21,15,14,13,7,1)
(10338,21,15,14,8,2)
(10339,7,13,19,25,26,27)
(10340,7,13,19,25)
(10341,4,10,16,15,14,20,26)
(10342,11,12,18,24,30,36)
(10343,32,33,27,21,15,16,10,4)
(10344,25,19,13,7,1)
(10345,15,21,27,33)
(10346,35,29,28,27,21,15,14,13,7,1)
(10347,1,7,13,19,25,31)
(10348,16,22,23,24,30,36)
(10349,34,28,22,16,10)
(10350,7,13,19,25,26,32)
(10351,4,10,16,22,23,29)
(10352,25,19,13,7)
(10353,4,10,16,22,28)
(10354,31,25,19,13,14,15,16,17,18,12,6)
(10355,10,16,22,23,29,35)
(10356,20,14,8,2)
(10357,3,9,15,21,27,33)
(10358,21,15,14,8,2)
(10359,1,7,13,19,25,26,27,33)
(10360,14,15,16,22,23,29,35)
(10361,29,28,27,21,15,14,13,7)
(10362,18,24,30,36)
(10363,34,28,27,21,15,14,8,2)
(10364,20,14,13,7,1)
(10365,20,14,8,2)
(10366,28,22,16,10,9,3)
(10367,1,7,8,9,10,16,22,23,29,35)
(10368,15,16,22,23,29,35)
(10369,32,33,27,28,29,23,24,18,12,6)
(10370,22,16,10,4)
(10371,3,9,10,16,22,28)
(10372,22,16,15,14,8,2)
(10373,28,22,16,10)
(10374,5,11,17,23,29,35)
(10375,28,29,23,24,18,12,6)
(10376,27,21,15,16,10,4)
(10377,24,23,22,16,15,14,13,7,1)
(10378,5,6,12,18,24,30)
(10379,32,33,27,21,15,9,3)
(10380,18,24,30,36)
(10381,9,8,14,20,26,32)
(10382,16,22,23,24,30,36)
(10383,14,15,21,27,33)
(10384,18,24,30,36)
(10385,9,15,21,27)
(10386,16,22,23,29,35)
(10387,15,21,27,33)
(10388,31,25,19,13,14,15,16,17,18,12,6)
(10389,35,29,28,27,21,15,14)
(10390,28,22,16,10)
(10391,5,4,10,16,15,21,27)
(10392,4,10,16,22,23,24,30,36)
(10393,10,16,22,23,29,35)
(10394,8,9,10,16,22,23,29,35)
(10395,1,7,8,9,10,16,22,28,34)
(10396,29,28,27,21,15,14,13,7,1)
(10397,1,7,8,9,10,16,22,23,29)
(10398,19,13,7,1)
(10399,20,14,13,7,1)
(10400,36,30,24,23,22,16,10)
(10401,13,19,25,26,27,33)
(10402,35,29,28,27,21,15,14,8,2)
(10403,35,29,23,17)
(10404,29,28,27,21,15,14,13,7,1)
(10405,2,8,9,10,16,22,28)
(10406,21,15,9,3)
(10407,10,16,22,23,24,30)
(10408,10,16,15,14,13,19,25,31)
(10409,28,27,21,15,14,13,7)
(10410,21,15,14,13,7,1)
(10411,13,14,15,16,22,23,29,35)
(10412,26,20,14,8,2)
(10413,26,20,14,15,16,10,4)
(10414,28,22,16,10,4)
(10415,31,25,19,13,14,15,16,10,4)
(10416,34,28,22,16,10)
(10417,10,16,22,23,24,30)
(10418,8,9,10,16,22,28,34)
(10419,19,13,7,1)
(10420,2,8,7,13,19,25)
(10421,6,12,18,17,23,29,28,27,33)
(10422,31,25,19,13,14,15,16,17,18,12,6)
(10423,16,22,23,29,35)
(10424,23,22,16,10,9,3)
(10425,3,9,10,16,22,23,24,30)
(10426,11,10,16,22,28,34)
(10427,8,14,20,26,32)
(10428,1,7,8,9,10,16,22,28)
(10429,4,10,16,22,23,29)
(10430,1,7,13,19,25,26,27,33)
(10431,35,29,23,17,11,5)
(10432,4,10,16,15,14,13,19,25)
(10433,18,24,30,36)
(10434,22,16,15,14,8,2)
(10435,12,18,17,23,29,28,27,33,32)
(10436,32,33,27,21,15,16,10)
(10437,25,19,13,14,15,16,10,4)
(10438,1,7,13,19,25,31)
(10439,25,19,13,7,1)
(10440,20,14,8,2)
(10441,21,15,14,8,2)
(10442,32,33,27,21,15,16,10,4)
(10443,19,13,7,1)
(10444,34,28,27,21,15,14,13)
(10445,35,29,28,27,21,15,14)
(10446,33,27,21,15,14)
(10447,18,24,30,36)
(10448,16,22,23,24,30,36)
(10449,6,12,18,17,23,29)
(10450,22,16,10,9,3)
(10451,23,22,16,15,14,13,7,1)
(10452,12,18,17,23,29,28,27,33)
(10453,27,21,15,14,13,7)
(10454,31,25,19,13,14,15,16,17,18,12,6)
(10455,31,25,19,13,7)
(10456,7,13,19,25,31)
(10457,21,15,14,8,2)
(10458,11,10,16,15,14,20,26,32)
(10459,30,24,18,12)
(10460,4,10,16,22,28)
(10461,7,13,19,25,26)
(10462,33,27,28,29,23,24,18,12,6)
(10463,18,24,30,36)
(10464,36,30,29,28,27,21,15,14,13,7)
(10465,10,16,22,23,24,30,36)
(10466,10,16,22,23,29,35)
(10467,35,29,28,27,21,15)
(10468,13,14,15,16,22,23,24,30,36)
(10469,14,15,16,22,23,29,35)
(10470,34,28,22,16,10,11)
(10471,28,22,16,10)
(10472,33,27,21,15,16,10,11)
(10473,19,13,7,1)
(10474,22,16,10,9,3)
(10475,5,4,10,16,15,21,27,33)
(10476,28,27,21,15,14,8)
(10477,36,30,29,28,27,21,15,14,8)
(10478,24,23,22,16,15,14,8,2)
(10479,22,16,15,14,8,2)
(10480,24,23,22,16,15,14,13,7,1)
(10481,33,27,21,15,14,13,7)
(10482,32,33,27,21,15,9)
(10483,35,29,28,27,21,15,14,13,7,1)
(10484,25,19,13,14,8,2)
(10485,28,22,16,10)
(10486,23,22,16,10,9,3)
(10487,10,16,22,23,29)
(10488,8,9,10,16,22,23,29)
(10489,17,23,29,35)
(10490,29,23,17,11)
(10491,32,33,27,21,15,16,10,4,5)
(10492,6,12,18,17,23,29)
(10493,26,27,28,29,23,24,18,12,6)
(10494,19,13,7,1)
(10495,19,13,7,1)
(10496,31,25,19,13)
(10497,23,22,16,10,4)
(10498,32,26,20,14,8,2)
(10499,28,27,21,15,14,8,2)
(10500,1,7,8,9,10,16,22,28,34)
(10501,36,30,24,18)
(10502,14,15,21,27,33)
(10503,12,18,17,23,29,35)
(10504,18,24,30,36)
(10505,18,24,30,36)
(10506,10,16,22,23,24,30)
(10507,6,12,18,17,16,15,14,13,19,25)
(10508,25,19,13,14,15,16,10,4,5)
(10509,33,27,21,15,14,8)
(10510,9,15,21,27)
(10511,16,22,28,34)
