#(carId,StartTime,RoadId...)
(10000,16,17,23,29,35)
(10001,1,7,8,9,15,16,17,23,29,35,36)
(10002,7,8,9,15,16,17,23,29,35,36)
(10003,9,15,16,17,23,29,35)
(10004,7,13,19,25,31)
(10005,9,15,21,27)
(10006,26,20,14,15,9,3,4)
(10007,8,7,13,19,25,31)
(10008,22,16,15,9,8,7,1)
(10009,36,30,24,18,12,6)
(10010,14,15,16,17,23,29,35,36)
(10011,2,3,9,15,21,27)
(10012,33,27,21,15,14)
(10013,34,33,27,21,15,9,8,7,1)
(10014,20,14,8,7,1)
(10015,18,24,30,36)
(10016,12,11,10,9,15,14,20,19,25,31)
(10017,35,29,23,17,16,15,9,3)
(10018,27,21,15,9,3,4,5,6)
(10019,7,8,9,15,21,27,33)
(10020,11,17,23,29,35)
(10021,18,24,30,36)
(10022,32,26,20,14,15,9)
(10023,33,27,21,15,9,3,4)
(10024,29,23,17,11,5,4)
(10025,16,22,28,34)
(10026,14,15,21,27,33,34)
(10027,9,15,16,17,23,29,35)
(10028,28,22,16,15,9,3)
(10029,23,17,16,15,9,8,7,1)
(10030,5,11,12,18,24)
(10031,6,5,11,17,23,29)
(10032,14,15,16,17,23,29,35,36)
(10033,6,5,4,3,9,15,21,27,33)
(10034,15,21,27,33)
(10035,10,16,17,23,29)
(10036,14,15,21,27,33,34)
(10037,5,11,17,23,29,28)
(10038,7,8,9,15,21,27,33)
(10039,6,5,4,3,9,15,14,20,19,25,31)
(10040,16,17,23,29,35,36)
(10041,26,20,14,15,9,3,4)
(10042,21,15,9,3)
(10043,2,8,14,20,26,32)
(10044,16,22,28,34)
(10045,6,5,11,17,23,29,35,34)
(10046,27,21,15,9,3,4,5)
(10047,28,22,16,10)
(10048,28,22,16,15,9,8,7,1)
(10049,8,14,20,26)
(10050,15,21,27,33,34)
(10051,24,18,17,11,5)
(10052,36,35,29,23,17)
(10053,23,17,11,5,4)
(10054,25,19,20,14,15,9,3,4,5,6)
(10055,26,20,14,15,9,3,4,5,6)
(10056,30,24,18,17,16,15,9,8)
(10057,1,7,8,9,15,16,22)
(10058,36,35,29,23,17,16,15,9,3,2)
(10059,15,16,17,23,29,35,36)
(10060,20,14,8,2)
(10061,28,22,16,10)
(10062,11,17,23,29,35,34)
(10063,25,19,13,7,1)
(10064,18,24,30,36)
(10065,31,25,19,13,7)
(10066,17,23,29,35)
(10067,31,25,19,20,14,15,9,10)
(10068,28,22,16,15,9,8,7)
(10069,25,19,20,14,15,9,3)
(10070,6,5,11,17,23,29)
(10071,14,15,21,27,33)
(10072,32,26,20,14,15,16,17,18,12)
(10073,27,21,15,9,3,4)
(10074,8,9,15,16,17,18,24,30)
(10075,26,20,14,15,9,3)
(10076,32,26,20,14,15,9,3)
(10077,25,19,13,7)
(10078,23,17,11,5,4)
(10079,30,24,18,17,16,10)
(10080,31,25,19,20,14,15,9,3)
(10081,27,21,15,9,3,4,5)
(10082,35,29,23,17,16,15,9,3)
(10083,20,14,8,7,1)
(10084,4,5,11,17,23,29,35)
(10085,23,17,11,5,4)
(10086,18,24,30,36)
(10087,12,11,10,9,15,21,27,33)
(10088,23,17,16,15,9,3,2)
(10089,10,16,22,28,34)
(10090,6,12,18,24,30,36)
(10091,2,3,9,15,16,17,18,24,30)
(10092,2,1,7,13,19,25,31)
(10093,15,21,27,33)
(10094,14,15,21,27,33,34)
(10095,29,23,17,16,15,9,3,2)
(10096,31,25,19,20,14,15,9)
(10097,16,17,23,29,35)
(10098,8,9,15,21,27,33,34)
(10099,27,21,15,9,3,4,5,6)
(10100,17,23,29,35)
(10101,36,35,29,23,17,16,15,9,3,2)
(10102,12,18,24,30,36)
(10103,25,19,20,14,15,9,3)
(10104,31,25,19,20,14,8)
(10105,29,23,17,11,5,4)
(10106,33,27,21,15,9,3)
(10107,30,24,18,17,16,10)
(10108,32,26,20,14,15,9,10,11)
(10109,23,17,16,15,9,3,2)
(10110,1,7,8,9,15,21,27,33,34)
(10111,25,19,13,7)
(10112,14,20,26,32)
(10113,28,22,16,10)
(10114,36,35,29,23,17,16,15,9,8)
(10115,9,15,16,17,18,24,30)
(10116,21,15,9,8,7,1)
(10117,12,11,17,23,29,35)
(10118,26,20,14,15,9,3,4,5,6)
(10119,32,26,25,19,13)
(10120,3,9,15,16,17,23)
(10121,11,10,9,15,14,20,19,25,31)
(10122,14,15,16,17,23,29,35)
(10123,19,13,7,1)
(10124,31,25,19,13,7,1)
(10125,21,15,9,3,2)
(10126,16,22,28,34)
(10127,2,3,9,15,21,27,33,34)
(10128,1,7,8,9,15,16,17,18,24,30)
(10129,18,24,30,36)
(10130,21,15,9,3,2)
(10131,29,23,17,16,10)
(10132,6,5,11,17,23,29)
(10133,14,20,26,32)
(10134,13,14,15,16,17,23,29,35,36)
(10135,34,35,29,23,17,18,12)
(10136,19,13,7,1)
(10137,2,3,9,15,16,17,18,24)
(10138,26,20,14,8,2)
(10139,30,24,18,17,16,15,9,8,7)
(10140,19,13,7,1)
(10141,27,21,15,9,3,4)
(10142,13,14,15,16,17,23,29,35,36)
(10143,32,26,25,19,13)
(10144,29,23,17,16,15,9,8)
(10145,7,8,9,15,21,27)
(10146,12,11,17,23,29,35,34)
(10147,28,22,16,10)
(10148,35,29,23,17,16,15,9,8,7)
(10149,31,25,19,20,14,15,9,3,4)
(10150,8,9,15,16,22,28)
(10151,6,5,4,3,9,15,14,20,19,25)
(10152,30,24,18,12)
(10153,18,24,30,36)
(10154,33,27,26,25,19,13)
(10155,32,26,20,14,15,9,3,4,5)
(10156,6,5,4,3,9,15,14,20,19,25)
(10157,11,17,23,29,35)
(10158,11,17,23,29,35)
(10159,16,17,23,29,35)
(10160,10,9,15,21,27,33)
(10161,19,13,7,1)
(10162,11,10,9,15,14,20,19,25,31)
(10163,5,4,3,9,15,21,27)
(10164,1,7,8,9,15,16,17,23,29,35,36)
(10165,10,16,17,23,29,35)
(10166,16,17,23,29,35)
(10167,6,5,4,3,9,15,14,20,19,25)
(10168,1,7,8,9,15,21,27,33)
(10169,12,18,24,30,36)
(10170,31,25,19,20,14,15,9,10)
(10171,30,24,18,17,16,15,9)
(10172,30,24,18,17,16,15,9)
(10173,7,13,19,25,26,32)
(10174,1,7,8,9,15,16,22,28)
(10175,10,16,17,23,29,35)
(10176,23,17,11,5,4)
(10177,32,26,20,14)
(10178,10,16,17,23,29,35,36)
(10179,29,23,17,11,5)
(10180,19,13,7,1)
(10181,17,23,29,35)
(10182,20,14,8,2)
(10183,21,15,9,3,2)
(10184,9,15,16,17,23,29,35,36)
(10185,20,14,8,7,1)
(10186,5,11,17,23,29,28)
(10187,10,16,22,28,34)
(10188,17,23,29,35)
(10189,16,17,23,29,35,36)
(10190,36,35,29,23,17,11,5,4)
(10191,32,26,20,14,15,16,17,18,12)
(10192,23,17,11,5,4)
(10193,30,24,18,17,11)
(10194,6,5,11,17,23,29,35,34)
(10195,13,19,25,26,27,33,34)
(10196,7,13,19,25,26,32)
(10197,18,24,30,36)
(10198,20,14,8,7,1)
(10199,11,10,9,15,21,27,33)
(10200,23,17,11,5,4)
(10201,35,29,23,17)
(10202,16,17,23,29,35)
(10203,14,15,16,17,23,29,35)
(10204,30,24,18,17,16,15,9,8,7)
(10205,29,23,17,11,5,4)
(10206,16,17,23,29,35,36)
(10207,14,15,16,17,23,29,35)
(10208,17,23,29,35,36)
(10209,18,24,30,36)
(10210,9,15,16,17,23,29,35)
(10211,3,9,15,21,27)
(10212,20,14,8,7,1)
(10213,21,15,9,8,7,1)
(10214,6,5,11,17,23,29,35)
(10215,30,24,18,17,16,15,9,8,7)
(10216,34,33,27,21,15,9,3)
(10217,8,9,15,21,27)
(10218,12,11,10,9,15,14,20,19,25,31)
(10219,36,35,29,23,17,11)
(10220,26,20,14,8,2)
(10221,9,15,21,27,33)
(10222,2,3,9,15,21,27,33,34)
(10223,12,11,17,23,29,35,34)
(10224,15,21,27,33,34)
(10225,9,15,14,20,19,25,31)
(10226,1,7,8,9,15,21,27,33,34)
(10227,29,23,17,16,15,9,8,7,1)
(10228,25,19,20,14,15,9,3)
(10229,24,18,17,16,15,9,3)
(10230,12,18,24,30,36)
(10231,31,25,19,20,14,15,9,10,11)
(10232,33,27,21,15,9,3,2)
(10233,9,15,16,17,23,29,35)
(10234,31,25,19,13,7,1)
(10235,22,16,15,9,8,7,1)
(10236,29,23,17,11,5,6)
(10237,17,23,29,35)
(10238,18,24,30,36)
(10239,14,15,16,17,23,29,35,36)
(10240,9,15,21,27,33,34)
(10241,21,15,9,8,7,1)
(10242,20,14,8,7,1)
(10243,8,9,15,21,27,33)
(10244,3,9,15,21,27,33,34)
(10245,33,27,21,15,9,3,4,5)
(10246,19,13,7,1)
(10247,32,26,25,19,13,7)
(10248,21,15,9,3,2)
(10249,33,27,21,15,9,10)
(10250,20,14,8,7,1)
(10251,35,29,23,17,16)
(10252,4,5,11,12,18,24,30)
(10253,36,35,29,23,17,16,15,9)
(10254,7,8,9,15,21,27,33,34)
(10255,6,5,4,3,9,15,14,20,26)
(10256,16,17,23,29,35,36)
(10257,33,27,21,15,14)
(10258,20,14,8,7,1)
(10259,1,7,8,9,15,16,22,28)
(10260,15,16,17,23,29,35)
(10261,21,15,9,8,7,1)
(10262,19,13,7,1)
(10263,27,21,15,9,3,4,5)
(10264,12,18,24,30)
(10265,11,10,9,15,21,27,33)
(10266,18,24,30,36)
(10267,32,26,20,14,15,9,10)
(10268,1,7,8,9,15,16,17,18,24)
(10269,17,23,29,35,36)
(10270,33,27,21,15,9,8,7,1)
(10271,27,21,15,9,3,4)
(10272,32,26,20,14,15,9,3,4,5)
(10273,36,30,24,18)
(10274,3,9,15,21,27,33,34)
(10275,3,9,15,16,17,18,24)
(10276,19,13,7,1)
(10277,6,12,18,24,30)
(10278,34,35,29,23,17,11,5)
(10279,18,24,30,36)
(10280,6,5,4,3,9,15,21,27)
(10281,32,26,20,14,8,2)
(10282,27,21,15,9,3,4)
(10283,34,33,27,21,15,9,8,7)
(10284,2,1,7,13,19,25,31)
(10285,11,10,9,15,14,20,19,25,31)
(10286,2,3,9,15,16,17,23,29,35,36)
(10287,34,35,29,23,17,11)
(10288,16,17,23,29,35)
(10289,8,9,15,21,27,33,34)
(10290,9,15,21,27,33)
(10291,23,17,11,5)
(10292,14,15,21,27,33,34)
(10293,31,25,19,20,14,15,9,3)
(10294,14,15,16,17,23,29,35)
(10295,4,3,9,15,21,27,33,34)
(10296,20,14,8,2)
(10297,13,14,15,16,17,23,29,35)
(10298,13,19,25,26,32)
(10299,3,9,15,14,20,26,32)
(10300,11,17,23,29)
(10301,28,22,16,10)
(10302,31,25,19,20,14,8)
(10303,10,16,22,28,34)
(10304,25,19,13,7,1,2)
(10305,16,17,23,29,35,36)
(10306,30,24,18,17,16,15,9)
(10307,14,15,16,17,23,29,35)
(10308,4,3,9,15,14,20,26)
(10309,33,27,21,15,16,17,18,12)
(10310,29,23,17,16,15,9,3)
(10311,14,15,21,27,33,34)
(10312,18,24,30,36)
(10313,28,22,16,15,9,3)
(10314,2,3,9,15,16,22,28)
(10315,35,29,23,17,11,5)
(10316,28,29,23,17,11,5)
(10317,14,15,21,27,33)
(10318,9,15,16,17,23,29,35,36)
(10319,4,5,11,17,23)
(10320,12,11,17,23,29,35,34)
(10321,33,27,21,15,9,10,11)
(10322,11,10,9,15,21,27,33)
(10323,23,17,16,15,9,3,2)
(10324,11,10,9,15,14,20,26,32)
(10325,27,21,15,9,3,2)
(10326,16,17,23,29,35)
(10327,14,20,26,32)
(10328,24,18,17,16,15,9,3,2)
(10329,17,23,29,35,36)
(10330,31,25,19,20,14,15,16,17,18,12)
(10331,31,25,19,13)
(10332,17,23,29,35)
(10333,12,11,10,9,15,14,20,19,25,31)
(10334,35,29,23,17,16,15,9,8,7,1)
(10335,25,19,13,7,1)
(10336,8,9,15,21,27,33,34)
(10337,26,20,14,8,2)
(10338,33,27,21,15,16,17,18,12)
(10339,7,8,9,15,16,17,23,29,35)
(10340,14,15,21,27,33,34)
(10341,23,17,16,15,9,8,7,1)
(10342,26,20,14,15,9,3,4,5)
(10343,34,33,27,21,15,14)
(10344,12,11,10,9,15,14,20,26,32)
(10345,18,24,30,36)
(10346,22,16,15,9,3)
(10347,19,13,7,1)
(10348,6,5,11,17,23,29,35,34)
(10349,21,15,9,8,7,1)
(10350,25,19,20,14,15,9,3)
(10351,13,19,25,26,27,33,34)
(10352,25,19,13,7,1,2)
(10353,17,23,29,35,36)
(10354,11,17,23,29,35,36)
(10355,30,24,18,17,16,15,9,3)
(10356,3,9,15,16,17,23)
(10357,7,13,19,25,31)
(10358,13,19,25,31)
(10359,24,18,17,11,5)
(10360,11,10,9,15,21,27,33)
(10361,8,9,15,21,27,33)
(10362,12,18,24,30,36)
(10363,20,14,8,2)
(10364,17,23,29,35)
(10365,11,17,23,29,35)
(10366,15,21,27,33,34)
(10367,7,8,9,15,16,17,23,29,35,36)
(10368,13,14,15,16,17,23,29,35)
(10369,19,13,7,1)
(10370,21,15,9,8,7,1)
(10371,7,8,9,15,16,17,23,29,35)
(10372,11,17,23,29,35,34)
(10373,17,23,29,35,36)
(10374,25,19,13,7,1,2)
(10375,15,21,27,33,34)
(10376,22,16,15,9,8,7,1)
(10377,15,16,17,23,29,35)
(10378,8,9,15,16,17,23,29)
(10379,19,13,7,1)
(10380,33,27,21,15,9,8,7)
(10381,32,26,20,14,15,9)
(10382,26,20,14,15,9,3)
(10383,29,23,17,16,15,9,3,2)
(10384,20,14,8,2)
(10385,17,23,29,35)
(10386,7,8,9,15,21,27,33,34)
(10387,26,20,14,8,2)
(10388,35,29,23,17,16,15,9,8,7,1)
(10389,21,15,9,3)
(10390,5,11,12,18,24,30)
(10391,11,10,9,15,21,27,33)
(10392,34,33,27,21,15)
(10393,1,7,13,19)
(10394,23,17,16,15,9,3)
(10395,31,25,19,20,14,15,9,10)
(10396,27,21,15,9,8,7)
(10397,4,5,11,17,23)
(10398,12,11,17,23,29,35)
(10399,1,7,8,9,15,16,17,18,24)
(10400,4,10,16,22,28)
(10401,24,18,12,6)
(10402,13,19,25,26,27,33)
(10403,13,19,25,31)
(10404,16,22,28,34)
(10405,18,24,30,36)
(10406,27,21,15,9,3,4,5,6)
(10407,3,9,15,21,27,33,34)
(10408,21,15,9,3)
(10409,12,18,24,30,36)
(10410,13,19,25,31)
(10411,30,24,18,17,11,5)
(10412,2,3,9,15,16,17,18,24)
(10413,19,13,7,1)
(10414,13,14,15,16,17,23,29,35,36)
(10415,31,25,19,13,7)
(10416,1,7,8,9,15,21,27)
(10417,33,27,21,15,14)
(10418,5,4,3,9,15,21,27)
(10419,25,19,13,7,1)
(10420,27,21,15,9,8,7,1)
(10421,13,19,25,26,32)
(10422,14,20,26,32)
(10423,6,5,11,17,23,29)
(10424,33,27,21,15,14)
(10425,31,25,19,13)
(10426,12,18,24,30)
(10427,3,9,15,16,17,18,24,30)
(10428,25,19,20,14,15,9,3,4)
(10429,1,7,8,9,15,21)
(10430,35,29,23,17,16,15,9,8)
(10431,12,18,24,30)
(10432,27,21,15,9,3,4,5)
(10433,21,15,9,3,2)
(10434,9,15,21,27)
(10435,1,7,13,19,25,26,32)
(10436,9,15,16,17,18,24,30)
(10437,5,4,3,9,15,21,27)
(10438,36,35,29,23,17,16,15,14,13)
(10439,5,11,17,23,29)
(10440,6,5,11,17,23,29,35)
(10441,31,25,19,20,14,15,9,3)
(10442,33,27,21,15,14)
(10443,17,23,29,35)
(10444,20,14,8,7,1)
(10445,4,10,16,22)
(10446,25,19,20,14,15,9,3,4,5)
(10447,8,9,15,21,27)
(10448,5,4,3,9,15,14,20,26,32)
(10449,15,21,27,33,34)
(10450,22,16,15,9,3)
(10451,8,7,13,19,25,31)
(10452,10,9,15,14,20,26,32)
(10453,25,19,13,7,1)
(10454,23,17,16,15,9,3)
(10455,10,16,17,23,29,35)
(10456,7,13,19,25)
(10457,18,24,30,36)
(10458,14,20,26,32)
(10459,2,3,9,15,21,27,33,34)
(10460,28,29,23,17,11,5,6)
(10461,19,13,7,1)
(10462,30,24,18,17,16,15,9)
(10463,24,18,12,6)
(10464,9,15,14,20,19,25,31)
(10465,15,16,17,23,29,35)
(10466,8,7,13,19,25,31)
(10467,33,27,21,15,9)
(10468,23,17,11,5)
(10469,28,22,16,15,9,3)
(10470,35,29,23,17,16,15,9,8)
(10471,6,12,18,24,30,36)
(10472,25,19,20,14,15,9,3,4,5,6)
(10473,35,29,23,17,11,5,6)
(10474,31,25,19,13)
(10475,28,29,23,17,11,5)
(10476,4,3,9,15,14,20,26,32)
(10477,18,24,30,36)
(10478,7,8,9,15,16,17,23,29,35)
(10479,29,23,17,16,15,9,8,7,1)
(10480,13,14,15,16,17,23,29,35)
(10481,12,11,10,9,15,14,20,19,25,31)
(10482,11,10,9,15,21,27,33)
(10483,35,29,23,17,16,15,14)
(10484,4,5,11,17,23,29,35)
(10485,7,8,9,15,16,17,23,29,35)
(10486,24,18,17,11,5,4)
(10487,9,15,14,20,26,32)
(10488,20,14,8,7,1)
(10489,5,4,3,9,15,21,27)
(10490,36,30,24,18,12)
(10491,22,16,15,9,3)
(10492,4,5,11,12,18,24)
(10493,33,27,21,15)
(10494,23,17,16,15,9,3,2)
(10495,6,5,4,3,9,15,14,20,26,32)
(10496,21,15,9,3)
(10497,18,24,30,36)
(10498,35,29,23,17)
(10499,16,17,23,29,35,36)
(10500,2,3,9,15,16,17,18,24,30)
(10501,21,15,9,3)
(10502,26,20,14,15,9,3,4)
(10503,31,25,19,13,7)
(10504,30,24,18,17,16,10)
(10505,30,24,18,12,6)
(10506,6,12,18,24,30,36)
(10507,3,9,15,16,17,23)
(10508,15,21,27,33)
(10509,16,17,23,29,35,36)
(10510,19,13,7,1)
(10511,35,29,23,17,11,5,4)
