#(carId,StartTime,RoadId...)
(10000,2,8,14,13,19,25,31)
(10001,2,8,14,20)
(10002,27,21,15,9,8,2)
(10003,1,2,8,9,15,21,27,28)
(10004,15,21,27,28,34)
(10005,17,23,29,35)
(10006,14,20,21,27,33)
(10007,29,23,17,16,10,4)
(10008,5,11,17,23)
(10009,36,30,24,23,17,16,15,9,8,7)
(10010,4,10,16,17,23,24,30,36)
(10011,31,25,19,13,14,8,9,10)
(10012,1,7,13,19,25)
(10013,10,16,17,23,24,30)
(10014,11,17,23,29)
(10015,5,4,3,9,8,14,20,26)
(10016,32,26,20,14,8)
(10017,3,9,15,16,22)
(10018,12,18,24,30)
(10019,15,21,27,33)
(10020,22,16,15,9,8,2)
(10021,24,23,17,16,15,9,3)
(10022,17,23,29,35)
(10023,35,29,30,24,18,12)
(10024,30,24,23,17,16,15,9)
(10025,34,28,22,16,17,18,12,6)
(10026,35,29,28,27,21,20,14)
(10027,21,15,9,8,2)
(10028,29,28,27,21,15,9,8,2)
(10029,3,9,8,14,13,19,25)
(10030,2,8,9,15,21,27,28,34)
(10031,7,13,14,20,21,27,28,34)
(10032,17,23,24,30,36)
(10033,19,13,7,1)
(10034,3,9,8,14,13,19,25)
(10035,1,2,8,9,15,21)
(10036,34,28,22,16,17,18,12,6)
(10037,6,12,18,24)
(10038,22,16,10,4)
(10039,29,28,27,21,15,9)
(10040,30,24,23,17,16,15,9,8,2,1)
(10041,12,18,24,30,36)
(10042,14,20,21,27,28,34)
(10043,30,24,18,12)
(10044,5,4,3,9,8,14,13,19,25,31)
(10045,4,10,16,22,28)
(10046,16,17,23,29,35)
(10047,13,14,20,21,27,28,34)
(10048,29,23,17,16,10,4)
(10049,36,30,24,23,17,16,15,9,8,7)
(10050,35,29,28,27,21,15,9,8,2)
(10051,10,16,17,23,24,30)
(10052,19,13,7,1)
(10053,18,24,30,36)
(10054,31,25,19,13,14,8)
(10055,36,30,24,18)
(10056,1,2,8,9,15,21,27,28,34)
(10057,26,20,14,8,9,3,4)
(10058,14,20,21,22,23,24,30,36)
(10059,9,15,16,17,23,24,30)
(10060,21,15,9,8,2,1)
(10061,5,11,17,23)
(10062,14,20,21,27,33)
(10063,17,23,24,30,36)
(10064,5,11,17,23,29,35)
(10065,5,11,17,23,29)
(10066,19,13,7,1)
(10067,10,16,22,28,34)
(10068,29,28,27,21,15,9,8,7)
(10069,7,13,19,25,31,32)
(10070,2,8,14,20,26)
(10071,11,17,23,29)
(10072,34,28,22,16)
(10073,20,14,8,2)
(10074,26,20,14,8,9,3,4)
(10075,17,23,24,30,36)
(10076,32,33,27,21,15,16,10,11)
(10077,32,26,20,14,8,2)
(10078,30,24,18,12,11,5)
(10079,30,24,18,12,6)
(10080,4,10,16,17,23)
(10081,20,14,8,2,1)
(10082,26,20,14,8,2)
(10083,12,18,17,16,15,21,27,33,32,31)
(10084,34,28,27,21,15,9,3)
(10085,24,18,12,6)
(10086,21,15,9,8,2)
(10087,8,9,15,21,27,28,34)
(10088,4,10,16,22,28,34)
(10089,31,32,33,27,21,15,16,17,18,12)
(10090,7,8,9,15,16,17,23,24,30,36)
(10091,22,16,15,9,8,2)
(10092,36,30,24,18)
(10093,22,16,15,9,8,2,1)
(10094,32,31,25,19,13,7)
(10095,14,20,26,32)
(10096,6,12,18,24,30)
(10097,2,8,9,15,16,22)
(10098,23,17,16,10,11,5)
(10099,12,18,24,30,29,35,34)
(10100,9,15,21,27)
(10101,11,17,23,24,30,36)
(10102,36,30,24,23,17,16,15,9,8,2,1)
(10103,32,31,25,19,13,7,1)
(10104,26,20,14,8,9,3,4,5)
(10105,16,17,23,24,30,36)
(10106,7,8,9,15,16,17,23,24,30,36)
(10107,24,23,17,16,15,9,8,2)
(10108,11,17,16,15,21,27,33,32,31)
(10109,10,16,17,23,24,30)
(10110,31,25,19,13,14,8,9,10,11)
(10111,13,14,20,21,27,33)
(10112,12,18,24,30,36)
(10113,26,20,14,8,9,3)
(10114,30,24,23,17,16,15,9,8)
(10115,15,21,27,28,34,35)
(10116,21,15,9,8,2)
(10117,2,8,9,15,21,27,28,29)
(10118,15,21,27,28,34,35)
(10119,31,25,19,13,14,8,9,3,4,5)
(10120,34,28,22,16,10,11,5)
(10121,9,15,21,27,28)
(10122,26,20,14,8,9,3,4,5,6)
(10123,22,16,15,9,8,2,1)
(10124,30,24,23,17,16,10,4)
(10125,10,16,22,28,34)
(10126,2,8,9,15,21,27,33)
(10127,4,3,9,8,14,13,19,25)
(10128,15,21,27,28,34)
(10129,4,10,16,22)
(10130,13,14,20,21,22,23,24,30,36)
(10131,36,30,24,23,17,16,15,9,8)
(10132,11,17,23,29)
(10133,4,10,16,17,23,24)
(10134,7,13,14,20,21,27,33)
(10135,3,9,8,14,13,19,25)
(10136,30,24,23,17,16,15,9,8,2)
(10137,13,19,25,31)
(10138,6,12,18,24,30,29,35)
(10139,11,17,16,15,21,27,33,32)
(10140,30,24,23,17,16,15,9,3)
(10141,36,30,24,23,17)
(10142,7,13,14,20,21,27)
(10143,13,14,20,21,27,33)
(10144,24,23,17,16,15,9,8,2)
(10145,27,21,15,9,8,2)
(10146,12,18,24,30)
(10147,2,8,9,15,21,27,28,34,35)
(10148,27,21,15,9)
(10149,35,29,28,27,21,20,14)
(10150,6,12,18,24,30)
(10151,11,17,23,24,30)
(10152,36,30,24,18,12,11)
(10153,31,25,19,13,14,8,9,3,4,5,6)
(10154,19,13,7,1)
(10155,5,11,17,23,29)
(10156,11,17,23,29)
(10157,4,10,16,22,28,34)
(10158,32,33,27,21,15,16,10)
(10159,30,24,18,12)
(10160,28,22,16,17,18,12,6)
(10161,16,17,23,24,30,36)
(10162,26,20,14,8,2,1)
(10163,28,27,21,15,9,3)
(10164,26,20,14,8,9,3,4,5,6)
(10165,25,19,13,14,8,9,3,4,5)
(10166,32,33,27,21,15,16,17,18,12)
(10167,17,23,29,35)
(10168,3,9,8,14,20,26,32)
(10169,35,29,28,27,21,15,9,8,2)
(10170,5,11,17,23,29,35)
(10171,36,30,24,18,12)
(10172,6,12,18,24,30,29,35,34)
(10173,16,22,28,34)
(10174,31,25,19,13,14,8,9,3,4,5,6)
(10175,6,12,18,24,30,29,35)
(10176,24,23,17,16,15,9,8,2,1)
(10177,25,19,13,7)
(10178,8,9,15,21,27,28)
(10179,33,27,21,15,9,8)
(10180,6,12,18,24,30,29,28)
(10181,32,33,27,21,15,16,17,18,12)
(10182,14,20,26,32)
(10183,22,16,15,9,8,2,1)
(10184,22,16,15,9,8,2)
(10185,34,28,22,16,17,18,12)
(10186,36,30,24,23,17,16,15,9)
(10187,15,21,27,28,34,35)
(10188,1,7,13,19,25,31,32)
(10189,9,15,16,17,23,24,30)
(10190,36,30,24,23,17,16,15,9,3)
(10191,3,9,8,14,20,26,32)
(10192,13,14,20,21,22,23,24,30,36)
(10193,22,16,15,9,8,2)
(10194,8,14,20,26)
(10195,7,13,14,20,21,27,28,34)
(10196,6,12,18,24,30)
(10197,26,25,19,13,7)
(10198,13,14,20,21,27,33)
(10199,14,20,21,27,33)
(10200,2,8,9,15,21,27,28,29)
(10201,12,18,17,16,15,21,27,33,32,31)
(10202,18,24,30,36)
(10203,30,24,18,12,6)
(10204,6,12,18,24,30,29,35,34)
(10205,24,23,17,16,15,9,8,2)
(10206,16,17,23,24,30,36)
(10207,18,24,30,36)
(10208,3,9,15,16,17,23)
(10209,22,16,10,4)
(10210,28,27,21,15,9,8,7)
(10211,6,5,11,17,16,15,21,27,33)
(10212,23,17,16,10,4)
(10213,1,2,8,9,15,21,27,28,34)
(10214,23,17,16,15,9,8,2,1)
(10215,10,16,17,23,29,35)
(10216,3,9,15,21,27)
(10217,28,27,21,15,9,8,2,1)
(10218,24,18,12,6)
(10219,27,21,15,9,3,4)
(10220,14,20,21,22,23,24,30,36)
(10221,19,13,7,1)
(10222,5,4,3,9,8,14,13,19,25)
(10223,11,17,23,24,30)
(10224,33,27,21,15,16,17,18,12)
(10225,15,21,27,28,34)
(10226,35,29,23,17,16,10,4)
(10227,25,19,13,14,8,9,3,4)
(10228,23,17,16,15,9,8,2)
(10229,11,17,16,22,28,34)
(10230,1,2,8,9,15,21,27)
(10231,17,23,24,30,36)
(10232,16,17,23,24,30,36)
(10233,34,28,27,21,20,14)
(10234,12,18,24,30)
(10235,36,30,24,23,17,16,15,9,8)
(10236,32,26,20,14,8)
(10237,16,22,28,34)
(10238,11,17,16,15,21,27,33)
(10239,33,27,21,15,16,17,18,12,6)
(10240,18,24,30,36)
(10241,26,20,14,8,2,1)
(10242,28,27,21,15,9,3)
(10243,5,11,17,23)
(10244,13,19,25,31,32)
(10245,17,23,29,35)
(10246,2,8,14,20)
(10247,1,7,13,19,25,31,32)
(10248,8,14,20,26,32)
(10249,32,26,20,14,8,9,3)
(10250,14,20,26,32)
(10251,21,15,9,3)
(10252,28,27,21,15,9,3)
(10253,32,26,20,14)
(10254,12,18,24,30,36)
(10255,2,8,9,15,16,17,23)
(10256,31,25,19,13,7,1)
(10257,31,25,19,13,14,8,9,3)
(10258,21,15,9,8,2,1)
(10259,11,17,16,15,21,27,33)
(10260,33,27,21,20,14,13)
(10261,17,23,29,35)
(10262,6,5,4,3,9,8,14,13,19,25)
(10263,24,23,17,16,15,9,3)
(10264,15,21,27,28,34,35)
(10265,35,29,23,17,16,10)
(10266,21,15,9,8,2,1)
(10267,22,16,15,9,8,2,1)
(10268,1,2,8,9,15,16,17,23,24)
(10269,31,25,19,13,14,8,2)
(10270,24,18,12,6)
(10271,34,28,27,21,15,9)
(10272,15,21,27,28,34,35)
(10273,12,18,24,30,29,35,34)
(10274,13,14,20,21,27,28,34)
(10275,19,13,7,1)
(10276,34,28,22,16,17,18,12)
(10277,13,19,25,31,32)
(10278,25,19,13,14,8,9,3,4)
(10279,23,17,16,15,9,8,2)
(10280,22,16,15,9,3)
(10281,5,11,17,23,24,30)
(10282,5,11,17,16,15,21,27,33,32)
(10283,22,16,15,9,8,2,1)
(10284,10,16,22,28,34)
(10285,5,4,3,9,8,14,13,19,25)
(10286,26,25,19,13,7)
(10287,15,16,17,23,24,30,36)
(10288,29,23,17,16,10,4)
(10289,4,3,9,15,21,27)
(10290,30,24,18,12)
(10291,1,2,8,9,15,21,27,33)
(10292,25,19,13,14,8,2)
(10293,29,30,24,18,12,11,5)
(10294,33,27,21,15,9)
(10295,35,29,28,27,21,15,9,8,2,1)
(10296,27,21,15,9,8,2,1)
(10297,35,29,23,17,16,10)
(10298,17,23,24,30,36)
(10299,14,20,26,32)
(10300,30,24,18,12)
(10301,18,24,30,36)
(10302,14,20,21,22,23,24,30,36)
(10303,32,33,27,21,15,16,10,11)
(10304,17,23,29,35)
(10305,6,12,18,24)
(10306,8,9,15,21,27,33)
(10307,8,9,15,21,27)
(10308,5,11,17,23,24)
(10309,35,29,23,17,16,10,4)
(10310,4,10,16,17,23,29)
(10311,22,16,10,4)
(10312,5,11,17,16,15,21,27)
(10313,13,14,20,21,27,33)
(10314,12,18,24,30,29,35)
(10315,7,13,14,20,21,27,33)
(10316,14,20,21,22,23,24,30,36)
(10317,25,19,13,14,8,9,3,4,5,6)
(10318,11,17,23,24,30,36)
(10319,7,13,19,25)
(10320,16,17,23,29,35)
(10321,28,22,16,10)
(10322,30,24,18,12,11)
(10323,19,13,7,1)
(10324,3,9,15,21,27,28,29)
(10325,30,24,18,12,11,5)
(10326,33,27,21,20,14,13)
(10327,23,17,16,15,9,8,2)
(10328,35,29,28,27,21,20,14)
(10329,28,27,21,15,9,8,2)
(10330,7,13,14,20,26)
(10331,14,20,21,27,28,34)
(10332,13,19,25,31,32)
(10333,10,16,17,23,29)
(10334,27,21,15,9,8,2,1)
(10335,33,27,21,15,9,8)
(10336,7,8,9,15,16,17,23,24,30)
(10337,29,23,17,16,10)
(10338,7,13,14,20,21,27,28,34)
(10339,2,8,9,15,16,17,23,24)
(10340,28,27,21,15,9,3)
(10341,28,22,16,10)
(10342,36,30,29,28,27,21,20,14)
(10343,4,10,16,22)
(10344,23,17,16,15,9,8,2,1)
(10345,28,27,21,15,9)
(10346,3,9,15,16,17,23,24,30)
(10347,4,10,16,17,23,24,30)
(10348,19,13,7,1)
(10349,29,28,27,21,15,9)
(10350,34,28,22,16,10)
(10351,10,16,17,23,24,30)
(10352,10,16,17,23,29,35)
(10353,13,19,25,31,32)
(10354,15,21,27,28,34,35)
(10355,32,26,20,14,8,9,3)
(10356,13,14,20,21,27,28,34)
(10357,19,13,7,1)
(10358,2,8,14,20)
(10359,35,29,28,27,21,20,14)
(10360,12,18,24,30,29,35,34)
(10361,8,9,15,16,17,23,24,30,36)
(10362,34,28,22,16,10,11)
(10363,9,8,14,13,19,25,31)
(10364,3,9,8,14,13,19,25,31)
(10365,12,18,24,30)
(10366,3,9,8,14,20,26)
(10367,1,2,8,9,15,16,17,23)
(10368,7,13,14,20,26)
(10369,15,21,27,28,34,35)
(10370,29,28,27,21,15,9,8)
(10371,34,28,27,21,15,9,3)
(10372,20,14,8,2)
(10373,36,30,24,18,12,11)
(10374,35,29,28,27,21,15,9,8,2,1)
(10375,7,13,19,25,31)
(10376,27,21,15,9,3,4,5)
(10377,1,2,8,14,20)
(10378,16,17,23,29,35)
(10379,3,9,8,14,20,26)
(10380,2,8,9,15,21,27)
(10381,5,11,17,16,15,21,27)
(10382,14,20,21,27,33)
(10383,16,17,23,29,35)
(10384,29,28,27,21,15,9,3)
(10385,10,16,22,28)
(10386,30,24,18,12,11)
(10387,2,8,9,15,16,17,23,24)
(10388,12,18,17,16,15,21,27,33,32)
(10389,30,24,23,17,16,15,9,8,2)
(10390,27,21,15,9)
(10391,11,17,23,29,35)
(10392,10,16,22,28,34)
(10393,33,27,21,20,14,13)
(10394,9,15,21,27)
(10395,30,24,23,17,16,15,9,3)
(10396,28,27,21,15,9,8)
(10397,4,10,16,17,23,29)
(10398,22,16,15,9,3)
(10399,14,20,21,27,28,34,35)
(10400,24,23,17,16,15,9,8,2)
(10401,9,15,16,17,23,24,30,36)
(10402,9,15,21,27,28,34,35)
(10403,25,19,13,14,8,9,3)
(10404,12,18,17,16,15,21,27,33,32)
(10405,19,13,7,1)
(10406,24,23,17,16,10,4)
(10407,23,17,16,10,4)
(10408,36,30,24,23,17,16,15,9)
(10409,8,9,15,21,27,33)
(10410,11,17,16,15,21,27,33)
(10411,18,24,30,36)
(10412,35,29,28,27,21,15,9,8)
(10413,18,24,30,36)
(10414,17,23,24,30,36)
(10415,27,21,15,9,3,4)
(10416,35,29,23,17,16)
(10417,17,23,24,30,36)
(10418,22,16,15,9,3)
(10419,25,19,13,7)
(10420,10,16,15,21,27,33,32)
(10421,36,30,24,23,17,16,15,9,8,2,1)
(10422,26,25,19,13,7)
(10423,2,8,9,15,21,27,33)
(10424,1,2,8,9,15,21,27,28,29)
(10425,19,13,7,1)
(10426,10,16,15,21,27,33,32,31)
(10427,8,9,15,21,27,28,34,35)
(10428,2,8,9,15,21)
(10429,16,17,23,24,30,36)
(10430,33,27,21,20,14)
(10431,13,19,25,31,32)
(10432,2,8,9,15,21,27,28,29)
(10433,4,3,9,8,14,20,26)
(10434,11,17,23,24,30)
(10435,24,23,17,16,10,4)
(10436,28,27,21,15,9,8)
(10437,4,10,16,17,23,24)
(10438,20,14,8,2,1)
(10439,13,19,25,31)
(10440,13,14,20,21,27,33)
(10441,35,29,28,27,21,15)
(10442,7,8,9,15,16,17,23,24,30)
(10443,8,14,13,19,25,31)
(10444,4,10,16,22)
(10445,8,14,20,26,32)
(10446,35,29,28,27,21,15,9,8)
(10447,27,21,15,9,8,7)
(10448,16,22,28,34)
(10449,11,17,23,29,35)
(10450,28,27,21,15,9,3)
(10451,27,21,15,9,3,4,5)
(10452,9,15,16,17,23,24,30,36)
(10453,29,28,27,21,15,9,8,7)
(10454,27,21,15,16,17,18,12,6)
(10455,5,11,17,16,15,21,27)
(10456,31,25,19,13,14,8,9,3,4)
(10457,1,2,8,9,15,21,27,28,29)
(10458,6,12,18,24,30,36)
(10459,6,12,18,24,30,29,35)
(10460,28,27,21,15,9,8,2,1)
(10461,28,22,16,17,18,12,6)
(10462,13,19,25,31,32)
(10463,6,5,11,17,16,15,21,27,33)
(10464,21,15,9,8,2)
(10465,8,9,15,21,27,28,29)
(10466,28,22,16,10)
(10467,20,14,8,2,1)
(10468,17,23,24,30,36)
(10469,26,20,14,8,2,1)
(10470,31,25,19,13,14,8,9)
(10471,9,15,21,27,28,29)
(10472,34,28,27,21,15,9)
(10473,36,30,24,23,17)
(10474,16,22,28,34)
(10475,35,29,23,17,16,10,4)
(10476,27,21,15,9,3,4,5)
(10477,1,2,8,9,15,16,17,23)
(10478,34,28,22,16,10,4)
(10479,20,14,8,2)
(10480,34,28,22,16,10,11,5)
(10481,34,28,27,21,15,9,8,2,1)
(10482,13,14,20,21,27,28,34,35)
(10483,8,9,15,21,27,28)
(10484,12,18,17,16,15,21,27,33,32)
(10485,18,24,30,36)
(10486,24,18,12,6)
(10487,13,14,20,21,27,28,34,35)
(10488,12,18,24,30)
(10489,13,14,20,21,22,23,24,30,36)
(10490,26,20,14,8,9,3,4)
(10491,23,17,16,15,9,8,2)
(10492,5,11,17,23,29,35)
(10493,3,9,15,21,27,33)
(10494,1,2,8,14,20)
(10495,15,21,27,28,34)
(10496,5,11,17,16,15,21,27,33)
(10497,19,13,7,1)
(10498,29,23,17,16,10)
(10499,30,24,18,12,11,5)
(10500,2,8,14,20,26)
(10501,28,27,21,15,9)
(10502,12,18,24,30)
(10503,33,27,21,15,9,8,2)
(10504,23,17,16,10,4)
(10505,1,2,8,14,20)
(10506,11,17,23,29,35)
(10507,33,27,21,15)
(10508,21,15,9,8,2,1)
(10509,11,17,16,15,21,27,33,32)
(10510,2,8,9,15,16,17,23)
(10511,28,22,16,10)
(10512,30,24,23,17,16,15,9,8,2)
(10513,29,30,24,18,12,6)
(10514,10,16,15,21,27,33)
(10515,14,20,26,32)
(10516,7,13,14,20,21,27,28,34,35)
(10517,34,28,27,21,20,14,13)
(10518,25,19,13,14,8,9,3)
(10519,18,24,30,36)
(10520,36,30,24,23,17,16,10,4)
(10521,36,30,24,23,17,16,15,9,8,2,1)
(10522,8,9,15,21,27,28,29)
(10523,28,22,16,10,4)
(10524,16,17,23,24,30,36)
(10525,35,29,28,27,21,15,9,8)
(10526,12,18,24,30,29,35)
(10527,35,29,30,24,18,12,6)
(10528,25,19,13,14,8,9,3)
(10529,10,16,15,21,27,33)
(10530,15,21,27,33)
(10531,24,23,17,16,15,9,8,2,1)
(10532,34,28,27,21,20,14,13)
(10533,10,16,15,21,27,33)
(10534,7,13,14,20,21,27,28)
(10535,36,30,24,23,17,16,15,9,3)
(10536,21,15,9,3)
(10537,4,3,9,15,21,27,33)
(10538,9,15,21,27,33)
(10539,3,9,15,16,22)
(10540,6,12,18,24)
(10541,33,27,21,15,9,8,2,1)
(10542,25,19,13,14,8,9,3)
(10543,33,27,21,15,16,17,18,12,6)
(10544,20,14,8,2)
(10545,5,11,17,23,24,30,36)
(10546,10,16,15,21,27,33,32,31)
(10547,1,2,8,9,15,16,17,23)
(10548,4,3,9,8,14,20,26)
(10549,22,16,10,4)
(10550,22,16,15,9,8,2,1)
(10551,29,30,24,18,12,11)
(10552,14,20,21,22,23,24,30,36)
(10553,11,17,23,29,35)
(10554,34,28,27,21,15,9,3)
(10555,14,20,21,27,28,34)
(10556,9,15,21,27,28,34)
(10557,13,14,20,21,22,23,24,30,36)
(10558,30,24,23,17,16,10)
(10559,34,28,27,21,20,14,13)
(10560,5,11,17,23,24,30,36)
(10561,11,17,23,24,30)
(10562,7,13,14,20,21,27,28,29)
(10563,12,18,17,16,15,21,27,33,32,31)
(10564,14,20,26,32)
(10565,17,23,24,30,36)
(10566,19,13,7,1)
(10567,1,2,8,9,15,16,17,23,24)
(10568,19,13,7,1)
(10569,10,16,15,21,27,33)
(10570,36,30,24,23,17,16,15)
(10571,2,8,14,20)
(10572,12,18,24,30)
(10573,6,12,18,24,30,29,28)
(10574,14,20,21,27,28,34,35)
(10575,2,8,14,13,19,25,31)
(10576,19,13,7,1)
(10577,7,13,19,25)
(10578,25,19,13,14,8,2)
(10579,11,17,16,15,21,27,33)
(10580,5,11,17,23,24,30)
(10581,32,31,25,19,13,7)
(10582,22,16,15,9,3)
(10583,3,9,15,16,17,23,24,30)
(10584,33,27,21,15,9,8)
(10585,13,19,25,31,32)
(10586,15,16,17,23,24,30,36)
(10587,8,14,13,19,25,31)
(10588,24,18,12,6)
(10589,26,20,14,8,9,3,4)
(10590,21,15,9,3)
(10591,10,16,22,28,34)
(10592,4,3,9,15,21,27,33)
(10593,4,3,9,8,14,13,19,25)
(10594,26,25,19,13,7)
(10595,23,17,16,15,9,3)
(10596,8,9,15,21,27,33)
(10597,3,9,15,16,22)
(10598,7,13,14,20,21,27,28,29)
(10599,2,8,9,15,16,17,23,24,30)
(10600,22,16,10,4)
(10601,19,13,7,1)
(10602,28,22,16,17,18,12,6)
(10603,3,9,15,16,17,23,24)
(10604,12,18,17,16,15,21,27,33,32)
(10605,21,15,9,3)
(10606,29,28,27,21,15,9,8)
(10607,25,19,13,14,8,9,3,4)
(10608,9,15,21,27,28)
(10609,20,14,8,2,1)
(10610,31,25,19,13,7)
(10611,16,17,23,24,30,36)
(10612,2,8,9,15,16,17,23)
(10613,34,28,22,16,10,11)
(10614,27,21,15,9,8,7)
(10615,20,14,8,2)
(10616,10,16,15,21,27,33,32,31)
(10617,13,14,20,21,22,23,24,30,36)
(10618,29,28,27,21,15,9,8,2,1)
(10619,36,30,24,18,12)
(10620,32,26,20,14)
(10621,20,14,8,2,1)
(10622,14,20,21,22,23,24,30,36)
(10623,4,10,16,22)
(10624,15,21,27,28,34,35)
(10625,20,14,8,2,1)
(10626,33,27,21,15,9,3,4,5)
(10627,18,24,30,36)
(10628,10,16,17,23,24,30)
(10629,25,19,13,14,8,2)
(10630,3,9,15,16,22)
(10631,36,30,24,18,12)
(10632,15,16,17,23,24,30,36)
(10633,2,8,9,15,21,27,28,34)
(10634,8,9,15,16,17,23,24,30,36)
(10635,5,11,17,23,24,30,36)
(10636,20,14,8,2)
(10637,15,21,27,33)
(10638,32,26,20,14,8,9)
(10639,20,14,8,2)
(10640,3,9,15,21,27)
(10641,4,3,9,8,14,20,26,32)
(10642,9,15,21,27)
(10643,26,20,14,8,9,3,4,5,6)
(10644,22,16,10,4)
(10645,35,29,23,17,16,10)
(10646,11,17,16,15,21,27,33,32)
(10647,10,16,17,23,29,35)
(10648,7,8,9,15,16,17,23,24,30,36)
(10649,1,2,8,9,15,16,17,23,24,30,36)
(10650,25,19,13,14,8,2)
(10651,5,4,3,9,8,14,13,19,25)
(10652,10,16,17,23,24,30)
(10653,1,2,8,9,15,21,27,28,29)
(10654,22,16,15,9,8,2,1)
(10655,6,5,4,3,9,8,14,13,19,25,31)
(10656,5,11,17,23)
(10657,34,28,22,16,10,11)
(10658,18,24,30,36)
(10659,4,10,16,17,23,29)
(10660,12,18,24,30,29,35,34)
(10661,26,20,14,8,9,3,4)
(10662,23,17,16,10,11,5)
(10663,21,15,9,8,2)
(10664,27,21,15,9,3,4)
(10665,18,24,30,36)
(10666,10,16,15,21,27,33,32,31)
(10667,15,21,27,28,34,35)
(10668,14,20,26,32)
(10669,12,18,24,30,36)
(10670,30,24,23,17,16,15,9,8,2)
(10671,13,14,20,21,22,23,24,30,36)
(10672,25,19,13,7,1)
(10673,36,30,24,23,17,16,15,9,8,2,1)
(10674,16,17,23,24,30,36)
(10675,21,15,9,3)
(10676,17,23,29,35)
(10677,23,17,16,15,9,8,2,1)
(10678,33,27,21,20,14,13)
(10679,28,27,21,15,9,8)
(10680,13,14,20,21,27,28,34,35)
(10681,31,25,19,13,14,8,9)
(10682,10,16,22,28)
(10683,7,13,14,20,21,27,28,34,35)
(10684,33,27,21,15,9,8)
(10685,27,21,15,9)
(10686,28,27,21,15,9,8,2)
(10687,14,20,21,27,33)
(10688,24,18,12,6)
(10689,30,24,23,17,16,10)
(10690,1,2,8,9,15,21,27)
(10691,17,23,24,30,36)
(10692,19,13,7,1)
(10693,36,30,29,28,27,21,20,14,13)
(10694,14,20,21,27,33)
(10695,34,28,27,21,15,9,3)
(10696,35,29,30,24,18,12,11)
(10697,18,24,30,36)
(10698,24,23,17,16,15,9,8,2)
(10699,9,15,21,27,28,34)
(10700,25,19,13,7)
(10701,20,14,8,2)
(10702,15,21,27,28,34,35)
(10703,14,20,21,27,28,34)
(10704,16,17,23,24,30,36)
(10705,23,17,16,10,11,5)
(10706,25,19,13,14,8,9,3,4,5,6)
(10707,16,17,23,29,35)
(10708,3,9,15,21,27,28,34,35)
(10709,23,17,16,10,11,5)
(10710,13,19,25,31,32)
(10711,35,29,23,17,16)
(10712,16,22,28,34)
(10713,18,24,30,36)
(10714,4,10,16,17,23,29)
(10715,10,16,22,28,34)
(10716,2,8,9,15,16,17,23,24,30,36)
(10717,12,18,24,30,36)
(10718,22,16,15,9,8,2)
(10719,3,9,15,16,17,23)
(10720,6,12,18,24,30,29,35)
(10721,25,19,13,14,8,9,3,4)
(10722,12,18,17,16,15,21,27,33)
(10723,31,25,19,13,14,8,9,10,11)
(10724,23,17,16,15,9,3)
(10725,9,15,21,27,28,34)
(10726,7,13,14,20,21,27,33)
(10727,21,15,9,3)
(10728,23,17,16,15,9,8,2,1)
(10729,4,10,16,22,28)
(10730,17,23,24,30,36)
(10731,30,24,23,17,16,10)
(10732,9,15,21,27,28,34,35)
(10733,10,16,22,28)
(10734,7,13,14,20,21,27,28)
(10735,13,14,20,21,27,28,34,35)
(10736,11,17,23,24,30)
(10737,26,25,19,13,7)
(10738,4,3,9,8,14,20,26,32)
(10739,20,14,8,2)
(10740,6,12,18,24,30,29,28)
(10741,6,5,4,3,9,8,14,13,19,25)
(10742,29,28,27,21,15,9)
(10743,19,13,7,1)
(10744,16,17,23,29,35)
(10745,28,22,16,10,11,5)
(10746,2,8,14,13,19,25,31)
(10747,31,25,19,13,14,8,9)
(10748,13,14,20,21,22,23,24,30,36)
(10749,35,29,23,17,16)
(10750,20,14,8,2)
(10751,5,11,17,16,22,28)
(10752,4,10,16,17,23,24)
(10753,4,10,16,22,28,34)
(10754,22,16,15,9,8,2,1)
(10755,21,15,9,8,2,1)
(10756,30,24,23,17,16,15,9,8,2)
(10757,3,9,15,21,27,28,29)
(10758,29,28,27,21,15,9,8,2)
(10759,12,18,24,30,29,35,34)
(10760,3,9,15,16,17,23,24)
(10761,5,11,17,23,29,35)
(10762,3,9,15,21)
(10763,3,9,8,14,13,19,25,31)
(10764,5,11,17,23,24,30)
(10765,13,14,20,21,27,28,34,35)
(10766,4,10,16,22,28,34)
(10767,28,27,21,15,9,8,2)
(10768,2,8,14,20)
(10769,27,21,15,9,8,2)
(10770,2,8,9,15,16,17,23,24,30,36)
(10771,23,17,16,15,9,3)
(10772,4,10,16,17,23)
(10773,12,18,17,16,15,21,27,33,32)
(10774,1,7,13,19,25,31,32)
(10775,23,17,16,10,4)
(10776,22,16,15,9,8,2)
(10777,36,30,24,23,17,16,15,9,3)
(10778,23,17,16,10,11,5)
(10779,26,25,19,13,7)
(10780,4,3,9,8,14,20,26)
(10781,24,23,17,16,15,9,8,2)
(10782,31,25,19,13)
(10783,14,20,26,32)
(10784,21,15,9,3)
(10785,21,15,9,8,2,1)
(10786,4,3,9,8,14,13,19,25)
(10787,4,10,16,17,23,24,30)
(10788,3,9,15,16,17,23)
(10789,22,16,15,9,8,2,1)
(10790,20,14,8,2,1)
(10791,15,16,17,23,24,30,36)
(10792,5,4,3,9,8,14,13,19,25)
(10793,23,17,16,15,9,3)
(10794,2,8,9,15,21,27,33)
(10795,22,16,15,9,8,2,1)
(10796,25,19,13,14,8,2)
(10797,24,18,12,11,5)
(10798,27,21,15,16,17,18,12,6)
(10799,24,23,17,16,15,9,3)
(10800,7,13,14,20,21,27)
(10801,19,13,7,1)
(10802,36,30,24,23,17)
(10803,29,30,24,18,12,11)
(10804,23,17,16,10,4)
(10805,26,20,14,8,2)
(10806,16,17,23,24,30,36)
(10807,12,18,17,16,15,21,27,33)
(10808,22,16,10,4)
(10809,7,13,19,25)
(10810,29,28,27,21,15,9,8,2,1)
(10811,18,24,30,36)
(10812,30,24,23,17,16,15,9)
(10813,32,31,25,19,13)
(10814,36,30,24,23,17)
(10815,2,8,9,15,21)
(10816,31,25,19,13)
(10817,23,17,16,10,4)
(10818,22,16,15,9,8,2,1)
(10819,13,14,20,21,27,28,34,35)
(10820,30,24,18,12,6)
(10821,2,8,9,15,16,17,23)
(10822,15,21,27,28,34,35)
(10823,33,27,21,15)
(10824,32,33,27,21,15,16,10)
(10825,2,8,9,15,21)
(10826,24,18,12,6)
(10827,18,24,30,36)
(10828,6,12,18,24,30,29)
(10829,3,9,15,21,27,28,29)
(10830,23,17,16,15,9,8,2)
(10831,17,23,29,35)
(10832,26,20,14,8,9,3)
(10833,10,16,17,23,29,35)
(10834,28,27,21,15,9,8)
(10835,2,8,9,15,16,17,23)
(10836,31,25,19,13,14,8,9,3,4,5)
(10837,23,17,16,15,9,8,2,1)
(10838,23,17,16,15,9,8,2,1)
(10839,13,14,20,21,27,33)
(10840,6,12,18,24,30,36)
(10841,29,23,17,16,10)
(10842,18,24,30,36)
(10843,10,16,17,23,29,35)
(10844,23,17,16,15,9,8,2,1)
(10845,32,33,27,21,15,16,17,18,12)
(10846,30,24,18,12,6)
(10847,1,2,8,9,15,21,27,28,34)
(10848,18,24,30,36)
(10849,29,28,27,21,15,9,8,7)
(10850,25,19,13,14,8,9,3)
(10851,31,25,19,13,7)
(10852,24,18,12,11,5)
(10853,29,28,27,21,15,9,8,2,1)
(10854,12,18,24,30,29,35)
(10855,36,30,24,18,12)
(10856,1,7,13,19,25,31,32)
(10857,24,18,12,6)
(10858,2,8,9,15,16,17,23,24)
(10859,35,29,28,27,21,20,14)
(10860,16,17,23,29,35)
(10861,25,19,13,14,8,9,3,4)
(10862,15,21,27,28,34,35)
(10863,8,9,15,21,27,28,29)
(10864,18,24,30,36)
(10865,35,29,23,17,16)
(10866,19,13,7,1)
(10867,21,15,9,3)
(10868,29,30,24,18,12,11)
(10869,36,30,24,23,17,16,15,9,8,7)
(10870,29,23,17,16,10,4)
(10871,13,14,20,21,22,23,24,30,36)
(10872,13,14,20,21,22,23,24,30,36)
(10873,24,23,17,16,15,9,8,2)
(10874,29,30,24,18,12,11)
(10875,16,22,28,34)
(10876,16,17,23,29,35)
(10877,31,25,19,13,14,8,9,3,4,5)
(10878,21,15,9,8,2)
(10879,24,23,17,16,15,9,8,2)
(10880,28,22,16,17,18,12,6)
(10881,3,9,15,21)
(10882,11,17,23,24,30)
(10883,1,2,8,14,20)
(10884,31,25,19,13,14,8,9,3,4,5,6)
(10885,30,24,23,17,16,15,9,3)
(10886,5,11,17,16,15,21,27)
(10887,22,16,15,9,3)
(10888,31,25,19,13)
(10889,6,5,4,3,9,8,14,20,26)
(10890,35,29,30,24,18,12)
(10891,6,12,18,24,30,36)
(10892,5,11,17,23,24)
(10893,2,8,14,20,26)
(10894,24,23,17,16,15,9,8,2,1)
(10895,23,17,16,10,11,5)
(10896,1,2,8,9,15,21,27,33)
(10897,14,20,21,27,28,34,35)
(10898,26,20,14,8,9,3,4,5,6)
(10899,25,19,13,14,8,9,3,4)
(10900,36,30,24,23,17,16,15,9,3)
(10901,6,12,18,24,30,29)
(10902,22,16,15,9,8,2,1)
(10903,26,20,14,8,9,3)
(10904,26,20,14,8,2)
(10905,23,17,16,15,9,8,2)
(10906,28,27,21,15,9,8,7)
(10907,2,8,9,15,16,17,23,24,30,36)
(10908,28,27,21,15,9,8,7)
(10909,6,12,18,24,30,29)
(10910,19,13,7,1)
(10911,14,20,21,27,28,34,35)
(10912,17,23,24,30,36)
(10913,29,28,27,21,15,9,8,2)
(10914,14,20,21,22,23,24,30,36)
(10915,13,19,25,31,32)
(10916,12,18,24,30,36)
(10917,14,20,26,32)
(10918,15,21,27,33)
(10919,31,25,19,13,7,1)
(10920,5,11,17,23,24,30)
(10921,34,28,27,21,15,9,8,7)
(10922,14,20,21,27,28,34)
(10923,34,28,22,16,17,18,12,6)
(10924,21,15,9,8,2,1)
(10925,21,15,9,8,2,1)
(10926,22,16,15,9,8,2,1)
(10927,35,29,23,17)
(10928,19,13,7,1)
(10929,29,23,17,16,10,4)
(10930,27,21,15,9,3,4,5)
(10931,14,20,26,32)
(10932,2,8,14,13,19,25)
(10933,18,24,30,36)
(10934,28,22,16,17,18,12,6)
(10935,23,17,16,15,9,8,2)
(10936,16,17,23,29,35)
(10937,6,5,4,3,9,8,14,20,26)
(10938,16,17,23,29,35)
(10939,30,24,18,12)
(10940,31,25,19,13,14,8,9,3,4)
(10941,9,15,21,27,28)
(10942,17,23,29,35)
(10943,30,24,23,17,16,10)
(10944,16,17,23,24,30,36)
(10945,4,10,16,17,23,29,35)
(10946,28,22,16,17,18,12,6)
(10947,13,19,25,31)
(10948,7,13,14,20,21,27,33)
(10949,35,29,28,27,21,15,9,3)
(10950,20,14,8,2)
(10951,34,28,22,16,17,18,12,6)
(10952,5,11,17,23,24)
(10953,32,26,20,14,8)
(10954,12,18,17,16,15,21,27,33,32)
(10955,4,10,16,17,23,29,35)
(10956,32,31,25,19,13,7,1)
(10957,7,8,9,15,16,17,23,24,30)
(10958,29,28,27,21,15,9,8,2)
(10959,6,12,18,24)
(10960,13,14,20,21,27,33)
(10961,22,16,10,4)
(10962,6,5,11,17,16,15,21,27,33,32)
(10963,4,3,9,8,14,13,19,25)
(10964,19,13,7,1)
(10965,14,20,21,27,28,34)
(10966,3,9,15,21,27,28,34,35)
(10967,4,3,9,15,21,27,33)
(10968,32,31,25,19,13,7)
(10969,33,27,21,15,9,8,2)
(10970,32,33,27,21,15,16,10)
(10971,24,18,12,11,5)
(10972,7,13,14,20,21,27,33)
(10973,25,19,13,7)
(10974,14,20,21,27,28,34,35)
(10975,24,23,17,16,10,4)
(10976,5,11,17,16,22,28)
(10977,3,9,8,14,20,26,32)
(10978,2,8,9,15,21,27,33)
(10979,8,9,15,21,27,28,34,35)
(10980,7,13,19,25,31,32)
(10981,21,15,9,8,2,1)
(10982,8,9,15,21,27,28,34,35)
(10983,1,2,8,9,15,16,17,23)
(10984,32,26,20,14,8,9,3)
(10985,5,11,17,16,15,21,27)
(10986,10,16,17,23,29)
(10987,19,13,7,1)
(10988,31,25,19,13,14,8,9)
(10989,22,16,15,9,3)
(10990,18,24,30,36)
(10991,3,9,15,21,27)
(10992,31,25,19,13)
(10993,18,24,30,36)
(10994,8,9,15,21,27,28,29)
(10995,13,19,25,31)
(10996,21,15,9,3)
(10997,8,9,15,21,27,33)
(10998,7,8,9,15,16,17,23,24,30)
(10999,11,17,23,24,30)
(11000,2,8,9,15,16,17,23,24,30)
(11001,7,13,19,25,31)
(11002,10,16,17,23,29,35)
(11003,22,16,15,9,3)
(11004,35,29,28,27,21,15,9)
(11005,19,13,7,1)
(11006,17,23,29,35)
(11007,3,9,8,14,20,26)
(11008,4,3,9,15,21,27)
(11009,30,24,23,17,16,15,9,8,7)
(11010,24,18,12,11,5)
(11011,21,15,9,8,2,1)
(11012,15,21,27,28,34)
(11013,18,24,30,36)
(11014,7,13,19,25,31,32)
(11015,9,15,16,17,23,24,30,36)
(11016,28,22,16,10,4)
(11017,27,21,15,9,3)
(11018,12,18,24,30,29,35)
(11019,36,30,24,23,17,16,15,9,8)
(11020,22,16,15,9,8,2)
(11021,21,15,9,3)
(11022,4,10,16,17,23,24)
(11023,26,20,14,8)
(11024,19,13,7,1)
(11025,10,16,15,21,27,33,32,31)
(11026,2,8,9,15,21,27,28,34)
(11027,28,22,16,17,18,12,6)
(11028,22,16,15,9,8,2)
(11029,3,9,15,16,17,23)
(11030,33,27,21,15,9,8,7)
(11031,2,8,9,15,21,27)
(11032,6,5,11,17,16,15,21,27,33)
(11033,7,13,14,20,21,27,28,29)
(11034,19,13,7,1)
(11035,18,24,30,36)
(11036,31,32,33,27,21,15,16,17,18,12)
(11037,1,2,8,9,15,21,27,28,34)
(11038,26,20,14,8)
(11039,29,30,24,18,12,11)
(11040,16,17,23,29,35)
(11041,28,22,16,10,4)
(11042,9,15,21,27,28,29)
(11043,34,28,27,21,20,14)
(11044,5,4,3,9,8,14,13,19,25,31)
(11045,5,11,17,16,22,28)
(11046,9,15,16,17,23,24,30,36)
(11047,8,9,15,21,27,28,34,35)
(11048,21,15,9,3)
(11049,16,17,23,29,35)
(11050,32,26,20,14)
(11051,29,28,27,21,15,9,8,2)
(11052,7,13,14,20,21,27,28,34,35)
(11053,29,28,27,21,15,9,8,7)
(11054,12,18,24,30)
(11055,25,19,13,14,8,9,3,4,5)
(11056,19,13,7,1)
(11057,21,15,9,8,2,1)
(11058,32,31,25,19,13,7,1)
(11059,22,16,10,4)
(11060,1,7,13,19,25,31)
(11061,12,18,24,30,29,35,34)
(11062,26,25,19,13,7)
(11063,2,8,9,15,21,27,28)
(11064,6,12,18,24,30,29)
(11065,22,16,15,9,8,2,1)
(11066,2,8,9,15,21)
(11067,2,8,9,15,21,27)
(11068,36,30,29,28,27,21,20,14)
(11069,33,27,21,15,16,17,18,12,6)
(11070,36,30,24,23,17,16,15)
(11071,34,28,27,21,15,9,8,2,1)
(11072,7,8,9,15,16,17,23,24,30)
(11073,23,17,16,10,11,5)
(11074,10,16,17,23,24,30)
(11075,28,27,21,15,9)
(11076,31,25,19,13,7,1)
(11077,13,14,20,21,27,33)
(11078,15,21,27,28,34,35)
(11079,4,10,16,17,23,24,30,36)
(11080,24,23,17,16,15,9,8,2,1)
(11081,1,2,8,9,15,16,17,23,24,30,36)
(11082,5,11,17,23,29,35)
(11083,12,18,17,16,15,21,27,33,32,31)
(11084,8,9,15,21,27,33)
(11085,29,30,24,18,12,11)
(11086,23,17,16,10,4)
(11087,17,23,29,35)
(11088,29,30,24,18,12,11,5)
(11089,10,16,22,28,34)
(11090,18,24,30,36)
(11091,6,12,18,24)
(11092,19,13,7,1)
(11093,5,11,17,16,22,28)
(11094,8,9,15,21,27,28)
(11095,31,25,19,13,7)
(11096,17,23,29,35)
(11097,25,19,13,14,8,9,3,4)
(11098,14,20,21,22,23,24,30,36)
(11099,16,17,23,24,30,36)
(11100,14,20,21,27,33)
(11101,9,15,21,27,33)
(11102,17,23,24,30,36)
(11103,33,27,21,20,14)
(11104,15,21,27,33)
(11105,20,14,8,2)
(11106,33,27,21,15,9,3,4,5)
(11107,17,23,24,30,36)
(11108,14,20,26,32)
(11109,3,9,15,16,17,23)
(11110,26,25,19,13,7)
(11111,35,29,23,17,16)
(11112,18,24,30,36)
(11113,30,24,23,17,16,10,4)
(11114,16,17,23,24,30,36)
(11115,36,30,24,23,17,16,15,9,8,2,1)
(11116,1,2,8,9,15,16,17,23,24,30)
(11117,31,25,19,13,14,8,9,3,4,5,6)
(11118,12,18,24,30,29,35)
(11119,5,11,17,23,24,30,36)
(11120,10,16,17,23,24,30,36)
(11121,10,16,15,21,27,33,32,31)
(11122,16,17,23,24,30,36)
(11123,15,21,27,28,34,35)
(11124,21,15,9,8,2)
(11125,3,9,15,21,27,28,29)
(11126,20,14,8,2,1)
(11127,4,10,16,17,23,29)
(11128,30,24,18,12,6)
(11129,21,15,9,8,2)
(11130,9,8,14,13,19,25,31)
(11131,11,17,16,15,21,27,33,32,31)
(11132,5,11,17,23,24,30)
(11133,10,16,15,21,27,33,32)
(11134,3,9,15,16,17,23)
(11135,3,9,15,16,17,23,24)
(11136,25,19,13,7,1)
(11137,17,23,24,30,36)
(11138,30,24,18,12,11)
(11139,31,25,19,13,14,8,9,3)
(11140,6,12,18,24,30,29)
(11141,22,16,15,9,8,2)
(11142,36,30,24,18,12,11)
(11143,8,9,15,21,27)
(11144,18,24,30,36)
(11145,9,15,21,27,33)
(11146,13,14,20,21,22,23,24,30,36)
(11147,33,27,21,15)
(11148,9,15,21,27,33)
(11149,32,26,20,14)
(11150,21,15,9,8,2)
(11151,30,24,23,17,16,15,9,8,2,1)
(11152,21,15,9,8,2,1)
(11153,2,8,9,15,21,27)
(11154,1,2,8,9,15,21)
(11155,21,15,9,8,2,1)
(11156,20,14,8,2)
(11157,34,28,27,21,15,9)
(11158,16,17,23,24,30,36)
(11159,7,13,14,20,26)
(11160,36,30,24,23,17,16,10,4)
(11161,16,17,23,24,30,36)
(11162,2,8,14,20,26)
(11163,16,17,23,24,30,36)
(11164,16,17,23,24,30,36)
(11165,7,13,14,20,21,27,33)
(11166,29,28,27,21,15,9,3)
(11167,2,8,9,15,16,17,23,24)
(11168,24,23,17,16,15,9,8,2,1)
(11169,31,25,19,13,14,8,9,3,4,5,6)
(11170,36,30,24,23,17,16,15,9,3)
(11171,30,24,18,12,11,5)
(11172,16,17,23,24,30,36)
(11173,28,27,21,15,9,8,7)
(11174,8,9,15,16,17,23,24,30,36)
(11175,26,20,14,8,9,3,4)
(11176,2,8,9,15,21,27,28)
(11177,28,27,21,15,9,3)
(11178,27,21,15,9,3,4,5)
(11179,26,20,14,8,9,3,4)
(11180,29,28,27,21,15,9)
(11181,7,13,14,20,21,27)
(11182,4,10,16,17,23,29)
(11183,22,16,10,4)
(11184,1,2,8,9,15,16,17,23,24,30,36)
(11185,11,17,16,15,21,27,33)
(11186,25,19,13,14,8,9,3,4)
(11187,12,18,17,16,15,21,27,33)
(11188,9,15,21,27,28,29)
(11189,7,8,9,15,16,17,23,24,30)
(11190,10,16,15,21,27,33)
(11191,8,9,15,21,27,33)
(11192,2,8,9,15,16,22)
(11193,10,16,17,23,24,30,36)
(11194,34,28,22,16,17,18,12)
(11195,35,29,28,27,21,15,9)
(11196,24,23,17,16,15,9,8,2)
(11197,7,13,14,20,21,27)
(11198,7,8,9,15,16,17,23,24,30,36)
(11199,2,8,9,15,21,27,33)
(11200,15,21,27,28,34,35)
(11201,19,13,7,1)
(11202,17,23,29,35)
(11203,3,9,15,21)
(11204,15,21,27,28,34,35)
(11205,22,16,10,4)
(11206,4,10,16,22)
(11207,24,23,17,16,10,4)
(11208,31,25,19,13,14,8,9)
(11209,7,8,9,15,16,17,23,24,30)
(11210,10,16,17,23,29,35)
(11211,15,21,27,33)
(11212,33,27,21,15)
(11213,26,20,14,8,9,3,4)
(11214,14,20,21,27,33)
(11215,9,15,16,17,23,24,30)
(11216,20,14,8,2)
(11217,8,14,20,26)
(11218,14,20,21,27,28,34,35)
(11219,3,9,15,16,22)
(11220,27,21,15,9,8,2,1)
(11221,36,30,24,23,17,16,10,4)
(11222,17,23,24,30,36)
(11223,22,16,15,9,8,2)
(11224,13,14,20,21,22,23,24,30,36)
(11225,35,29,28,27,21,15,9,3)
(11226,28,22,16,10)
(11227,15,16,17,23,24,30,36)
(11228,21,15,9,8,2)
(11229,7,13,14,20,21,27)
(11230,24,18,12,6)
(11231,28,22,16,10)
(11232,36,30,24,23,17,16,15,9,8,7)
(11233,23,17,16,10,4)
(11234,36,30,24,23,17,16,15,9,8,7)
(11235,14,20,21,27,33)
(11236,22,16,15,9,8,2,1)
(11237,3,9,8,14,13,19,25)
(11238,23,17,16,10,11,5)
(11239,26,25,19,13,7)
(11240,14,20,21,27,28,34)
(11241,32,33,27,21,15,16,10,11)
(11242,8,9,15,21,27,28,29)
(11243,13,19,25,31,32)
(11244,3,9,15,21,27)
(11245,18,24,30,36)
(11246,27,21,15,9,8,2,1)
(11247,10,16,22,28)
(11248,1,7,13,19,25)
(11249,23,17,16,15,9,8,2)
(11250,29,28,27,21,15,9,8)
(11251,27,21,15,9,3,4,5)
(11252,30,24,18,12,6)
(11253,19,13,7,1)
(11254,20,14,8,2,1)
(11255,19,13,7,1)
(11256,16,17,23,24,30,36)
(11257,6,5,4,3,9,8,14,13,19,25)
(11258,3,9,15,21,27)
(11259,29,28,27,21,15,9,8,2,1)
(11260,3,9,15,21,27)
(11261,14,20,21,27,33)
(11262,25,19,13,14,8,2)
(11263,31,25,19,13,14,8,9,10)
(11264,26,20,14,8,9,3,4,5)
(11265,31,25,19,13)
(11266,34,28,27,21,20,14,13)
(11267,18,24,30,36)
(11268,21,15,9,3)
(11269,24,18,12,11,5)
(11270,8,14,13,19,25,31)
(11271,7,13,14,20,26)
(11272,23,17,16,15,9,8,2)
(11273,12,18,24,30,36)
(11274,36,30,24,23,17,16,10)
(11275,2,8,9,15,16,17,23,24,30,36)
(11276,11,17,23,24,30)
(11277,14,20,21,22,23,24,30,36)
(11278,35,29,28,27,21,20,14,13)
(11279,10,16,17,23,24,30)
(11280,23,17,16,15,9,3)
(11281,13,14,20,21,27,28,34,35)
(11282,12,18,24,30,29,35,34)
(11283,7,13,14,20,26)
(11284,14,20,26,32)
(11285,28,27,21,15,9,8,7)
(11286,24,23,17,16,10,4)
(11287,18,24,30,36)
(11288,6,12,18,24)
(11289,25,19,13,7,1)
(11290,6,12,18,24,30,29,35)
(11291,4,10,16,22,28)
(11292,12,18,17,16,15,21,27,33,32)
(11293,26,20,14,8,9,3,4,5)
(11294,17,23,29,35)
(11295,14,20,26,32)
(11296,28,27,21,15,9,8,7)
(11297,12,18,17,16,15,21,27,33,32,31)
(11298,15,21,27,28,34,35)
(11299,18,24,30,36)
(11300,33,27,21,15,16,17,18,12)
(11301,26,25,19,13,7)
(11302,4,3,9,8,14,20,26,32)
(11303,8,9,15,21,27,28,34)
(11304,24,23,17,16,10,4)
(11305,23,17,16,10,11,5)
(11306,32,26,20,14)
(11307,1,2,8,9,15,21,27,28,34,35)
(11308,6,5,4,3,9,8,14,13,19,25,31)
(11309,18,24,30,36)
(11310,2,8,9,15,21,27,28,29)
(11311,18,24,30,36)
(11312,7,13,14,20,21,27,33)
(11313,9,15,16,17,23,24,30)
(11314,31,25,19,13,14,8,9,3,4)
(11315,1,2,8,9,15,21,27,28,34)
(11316,5,11,17,23,29,35)
(11317,23,17,16,10,4)
(11318,31,25,19,13)
(11319,12,18,17,16,15,21,27,33,32,31)
(11320,19,13,7,1)
(11321,29,23,17,16,10,4)
(11322,18,24,30,36)
(11323,23,17,16,10,4)
(11324,33,27,21,15,9,3)
(11325,22,16,15,9,3)
(11326,30,24,23,17,16,15,9,8)
(11327,6,5,4,3,9,8,14,13,19,25,31)
(11328,31,32,33,27,21,15,16,17,18,12)
(11329,4,10,16,22,28,34)
(11330,7,8,9,15,16,17,23,24,30)
(11331,9,15,16,17,23,24,30,36)
(11332,28,27,21,15,9,8,7)
(11333,7,13,14,20,21,27,33)
(11334,9,15,21,27,33)
(11335,10,16,17,23,29,35)
(11336,22,16,15,9,8,2)
(11337,31,25,19,13,14,8,9,10)
(11338,12,18,24,30,29,35,34)
(11339,7,13,14,20,21,27,28,29)
(11340,10,16,15,21,27,33)
(11341,14,20,21,27,28,34)
(11342,26,20,14,8)
(11343,35,29,28,27,21,20,14,13)
(11344,14,20,21,22,23,24,30,36)
(11345,20,14,8,2,1)
(11346,32,31,25,19,13,7,1)
(11347,28,27,21,15,9,8,7)
(11348,33,27,21,15,9,3,4,5)
(11349,5,11,17,23,24)
(11350,28,22,16,10,11,5)
(11351,15,16,17,23,24,30,36)
(11352,16,17,23,24,30,36)
(11353,35,29,28,27,21,15,9,3)
(11354,7,13,14,20,21,27,33)
(11355,9,15,16,17,23,24,30,36)
(11356,17,23,29,35)
(11357,19,13,7,1)
(11358,12,18,24,30,36)
(11359,35,29,30,24,18,12)
(11360,26,25,19,13,7)
(11361,31,25,19,13,7,1)
(11362,11,17,23,29)
(11363,19,13,7,1)
(11364,1,7,13,19)
(11365,24,18,12,11,5)
(11366,1,2,8,9,15,16,17,23,24)
(11367,26,20,14,8,9,3,4)
(11368,21,15,9,8,2)
(11369,34,28,27,21,15,9,3)
(11370,30,24,23,17,16,15,9,8,2,1)
(11371,4,3,9,8,14,20,26)
(11372,17,23,24,30,36)
(11373,25,19,13,14,8,9,3,4)
(11374,34,28,22,16,10)
(11375,6,5,11,17,16,15,21,27,33)
(11376,10,16,15,21,27,33)
(11377,18,24,30,36)
(11378,26,20,14,8,9,3,4,5,6)
(11379,28,22,16,17,18,12,6)
(11380,6,5,4,3,9,8,14,13,19,25)
(11381,35,29,28,27,21,15,9,8,2,1)
(11382,31,25,19,13,14,8,9,3,4)
(11383,12,18,24,30,29,35)
(11384,6,12,18,24,30)
(11385,7,13,14,20,21,27,33)
(11386,4,10,16,17,23)
(11387,2,8,9,15,16,17,23,24,30,36)
(11388,14,20,26,32)
(11389,31,25,19,13,14,8,2)
(11390,9,15,21,27,28,34,35)
(11391,18,24,30,36)
(11392,27,21,15,9,3,4,5)
(11393,8,9,15,21,27,28)
(11394,17,23,29,35)
(11395,31,25,19,13,14,8,9,10,11)
(11396,8,9,15,21,27,28,29)
(11397,27,21,15,9,8)
(11398,18,24,30,36)
(11399,34,28,27,21,15,9,8,2)
(11400,3,9,8,14,20,26)
(11401,35,29,30,24,18,12,11,5)
(11402,21,15,9,8,2)
(11403,19,13,7,1)
(11404,14,20,21,27,28,34)
(11405,31,25,19,13,14,8,9,3)
(11406,13,14,20,21,27,28,34,35)
(11407,1,2,8,9,15,21,27,33)
(11408,36,30,24,23,17,16)
(11409,5,11,17,16,22,28)
(11410,30,24,18,12,11,5)
(11411,15,21,27,33)
(11412,9,15,21,27,28,34,35)
(11413,28,27,21,15,9,8)
(11414,22,16,15,9,8,2,1)
(11415,27,21,15,9,8,2)
(11416,33,27,21,15,16,17,18,12)
(11417,25,19,13,14,8,9,3,4)
(11418,32,33,27,21,15,16,10)
(11419,15,21,27,28,34)
(11420,2,8,9,15,16,17,23,24,30)
(11421,9,15,21,27,33)
(11422,12,18,24,30,36)
(11423,23,17,16,10,4)
(11424,2,8,9,15,21,27,33)
(11425,24,23,17,16,10,4)
(11426,4,10,16,17,23,29)
(11427,25,19,13,14,8,9,3)
(11428,31,25,19,13,14,8,9,3,4)
(11429,35,29,28,27,21,15,9)
(11430,18,24,30,36)
(11431,19,13,7,1)
(11432,25,19,13,7)
(11433,28,22,16,17,18,12,6)
(11434,18,24,30,36)
(11435,30,24,18,12,11)
(11436,26,20,14,8,2,1)
(11437,25,19,13,14,8,2)
(11438,24,23,17,16,15,9,3)
(11439,7,13,14,20,21,27,33)
(11440,18,24,30,36)
(11441,13,19,25,31)
(11442,20,14,8,2,1)
(11443,22,16,10,4)
(11444,2,8,9,15,21,27,28,34)
(11445,35,29,28,27,21,15,9)
(11446,29,28,27,21,15,9,8)
(11447,6,12,18,24,30)
(11448,20,14,8,2,1)
(11449,12,18,24,30)
(11450,10,16,15,21,27,33)
(11451,26,25,19,13,7)
(11452,32,26,20,14,8,9,3)
(11453,6,12,18,24)
(11454,6,5,4,3,9,8,14,13,19,25)
(11455,28,27,21,15,9,3)
(11456,5,4,3,9,8,14,13,19,25)
(11457,17,23,29,35)
(11458,35,29,23,17,16,10)
(11459,31,25,19,13,14,8,9,10)
(11460,34,28,22,16,10,11,5)
(11461,22,16,15,9,8,2)
(11462,26,20,14,8,9,3,4,5,6)
(11463,24,23,17,16,10,4)
(11464,3,9,15,21,27,33)
(11465,21,15,9,8,2,1)
(11466,32,26,20,14,8,9,3,4,5)
(11467,18,24,30,36)
(11468,10,16,15,21,27,33)
(11469,15,21,27,28,34,35)
(11470,4,3,9,15,21,27)
(11471,23,17,16,10,11,5)
(11472,22,16,15,9,8,2,1)
(11473,29,28,27,21,15,9,8)
(11474,7,13,19,25)
(11475,10,16,15,21,27,33)
(11476,27,21,15,9,8,2,1)
(11477,11,17,16,22,28,34)
(11478,7,13,14,20,26)
(11479,24,23,17,16,10,4)
(11480,3,9,15,16,22)
(11481,2,8,9,15,21,27,33)
(11482,35,29,28,27,21,15,9,3)
(11483,29,28,27,21,15,9)
(11484,34,28,27,21,15,9)
(11485,14,20,21,27,33)
(11486,25,19,13,14,8,2)
(11487,14,20,21,27,28,34,35)
(11488,25,19,13,7,1)
(11489,1,2,8,9,15,21,27,33)
(11490,18,24,30,36)
(11491,5,11,17,23,24,30,36)
(11492,1,2,8,9,15,16,17,23,24)
(11493,31,25,19,13,14,8,9,3,4,5,6)
(11494,15,21,27,28,34,35)
(11495,1,2,8,9,15,16,17,23,24)
(11496,36,30,24,23,17,16,15,9,8,2,1)
(11497,33,27,21,15,9,3,4)
(11498,19,13,7,1)
(11499,3,9,15,16,17,23,24,30,36)
(11500,12,18,24,30)
(11501,20,14,8,2,1)
(11502,14,20,26,32)
(11503,31,25,19,13,14,8)
(11504,13,19,25,31)
(11505,8,14,20,26)
(11506,7,13,19,25)
(11507,33,27,21,15,9,3,4,5)
(11508,11,17,23,29,35)
(11509,5,4,3,9,8,14,13,19,25,31)
(11510,24,18,12,11,5)
(11511,20,14,8,2)
(11512,23,17,16,10,11,5)
(11513,33,27,21,20,14)
(11514,5,4,3,9,8,14,13,19,25)
(11515,12,18,24,30,29,35)
(11516,30,24,23,17,16,15,9,3)
(11517,3,9,8,14,13,19,25)
(11518,8,9,15,21,27,28,34,35)
(11519,12,18,24,30,36)
(11520,18,24,30,36)
(11521,22,16,10,4)
(11522,31,25,19,13,7,1)
(11523,12,18,24,30,29,35)
(11524,29,28,27,21,15,9)
(11525,19,13,7,1)
(11526,10,16,17,23,29)
(11527,20,14,8,2)
(11528,7,13,14,20,21,27,28,29)
(11529,13,14,20,21,22,23,24,30,36)
(11530,16,17,23,24,30,36)
(11531,16,17,23,29,35)
(11532,3,9,15,16,17,23,24,30,36)
(11533,13,14,20,21,22,23,24,30,36)
(11534,26,20,14,8,9,3,4)
(11535,33,27,21,15)
(11536,30,24,18,12,11,5)
(11537,26,20,14,8,2)
(11538,6,5,11,17,16,15,21,27)
(11539,17,23,29,35)
(11540,10,16,22,28,34)
(11541,30,24,23,17,16,15,9,8)
(11542,16,17,23,24,30,36)
(11543,25,19,13,14,8,9,3,4,5,6)
(11544,22,16,15,9,3)
(11545,16,17,23,24,30,36)
(11546,13,14,20,21,27,28,34)
(11547,11,17,16,15,21,27,33,32,31)
(11548,33,27,21,15,9)
(11549,35,29,23,17,16)
(11550,9,15,21,27,28,34)
(11551,22,16,10,4)
(11552,36,30,24,23,17,16,15,9,8,2,1)
(11553,27,21,15,9,3,4,5)
(11554,2,8,9,15,16,17,23,24)
(11555,18,24,30,36)
(11556,36,30,24,23,17,16,15,9)
(11557,5,11,17,23,29,35)
(11558,9,15,21,27,33)
(11559,23,17,16,15,9,8,2,1)
(11560,22,16,15,9,8,2,1)
(11561,11,17,23,29)
(11562,18,24,30,36)
(11563,17,23,24,30,36)
(11564,10,16,15,21,27,33,32)
(11565,9,15,21,27,28,29)
(11566,20,14,8,2)
(11567,9,15,21,27,28,34,35)
(11568,26,20,14,8,9,3,4,5)
(11569,18,24,30,36)
(11570,20,14,8,2,1)
(11571,26,20,14,8)
(11572,29,30,24,18,12,11,5)
(11573,2,8,9,15,21,27,33)
(11574,22,16,15,9,8,2,1)
(11575,12,18,17,16,15,21,27,33,32,31)
(11576,9,15,21,27,28,34)
(11577,16,17,23,24,30,36)
(11578,17,23,24,30,36)
(11579,14,20,26,32)
(11580,23,17,16,15,9,8,2)
(11581,19,13,7,1)
(11582,8,14,13,19,25,31)
(11583,30,24,18,12,6)
(11584,14,20,21,27,28,34,35)
(11585,32,33,27,21,15,16,17,18,12)
(11586,20,14,8,2,1)
(11587,12,18,24,30,29,35,34)
(11588,2,8,14,13,19,25)
(11589,24,23,17,16,15,9,8,2)
(11590,8,14,20,26,32)
(11591,25,19,13,14,8,9,3)
(11592,19,13,7,1)
(11593,11,17,23,24,30,36)
(11594,24,23,17,16,15,9,8,2,1)
(11595,8,9,15,21,27,28,34)
(11596,12,18,24,30,36)
(11597,20,14,8,2)
(11598,12,18,17,16,15,21,27,33,32,31)
(11599,17,23,29,35)
(11600,26,20,14,8,9,3,4)
(11601,20,14,8,2)
(11602,32,26,20,14,8,9,3,4)
(11603,26,20,14,8)
(11604,26,20,14,8,9,3)
(11605,5,11,17,16,15,21,27)
(11606,3,9,15,16,17,23,24,30,36)
(11607,36,30,24,18,12,6)
(11608,26,20,14,8,9,3)
(11609,34,28,22,16,10)
(11610,17,23,29,35)
(11611,34,28,27,21,15,9,3)
(11612,4,3,9,15,21,27,33)
(11613,7,8,9,15,16,17,23,24,30)
(11614,5,11,17,16,15,21,27,33)
(11615,11,17,16,15,21,27,33,32)
(11616,22,16,15,9,3)
(11617,2,8,9,15,21)
(11618,3,9,15,21,27,28)
(11619,4,3,9,15,21,27,33)
(11620,28,22,16,10,11,5)
(11621,2,8,9,15,16,22)
(11622,25,19,13,14,8,9,3,4,5)
(11623,19,13,7,1)
(11624,11,17,23,29)
(11625,4,3,9,8,14,13,19,25)
(11626,35,29,28,27,21,15,9,3)
(11627,30,24,18,12,11,5)
(11628,26,20,14,8,2)
(11629,6,12,18,24,30,36)
(11630,15,16,17,23,24,30,36)
(11631,24,23,17,16,15,9,8,2)
(11632,16,17,23,29,35)
(11633,17,23,24,30,36)
(11634,19,13,7,1)
(11635,2,8,9,15,21,27,28,34,35)
(11636,18,24,30,36)
(11637,23,17,16,10,4)
(11638,4,10,16,17,23,29)
(11639,17,23,29,35)
(11640,22,16,10,4)
(11641,24,23,17,16,15,9,3)
(11642,35,29,28,27,21,15,9,3)
(11643,31,25,19,13)
(11644,26,20,14,8,9,3,4,5)
(11645,17,23,29,35)
(11646,29,28,27,21,15,9,8,2)
(11647,3,9,15,21,27)
(11648,32,26,20,14,8)
(11649,18,24,30,36)
(11650,24,18,12,6)
(11651,29,28,27,21,15,9,8,7)
(11652,3,9,8,14,13,19,25,31)
(11653,16,22,28,34)
(11654,12,18,17,16,15,21,27,33,32)
(11655,8,9,15,16,17,23,24,30,36)
(11656,23,17,16,15,9,8,2,1)
(11657,7,13,14,20,21,27,28,34)
(11658,5,11,17,16,22,28)
(11659,17,23,29,35)
(11660,27,21,15,9,8,2,1)
(11661,33,27,21,20,14,13)
(11662,2,8,9,15,21,27,28,34,35)
(11663,18,24,30,36)
(11664,18,24,30,36)
(11665,13,14,20,21,22,23,24,30,36)
(11666,27,21,15,9,8)
(11667,22,16,15,9,8,2,1)
(11668,12,18,17,16,15,21,27,33,32,31)
(11669,5,11,17,23,24)
(11670,33,27,21,15)
(11671,34,28,22,16,17,18,12)
(11672,16,17,23,24,30,36)
(11673,5,11,17,23,24)
(11674,31,25,19,13,14,8)
(11675,3,9,8,14,13,19,25,31)
(11676,5,11,17,23,29,35)
(11677,30,24,18,12)
(11678,34,28,27,21,20,14,13)
(11679,6,12,18,24,30,36)
(11680,17,23,24,30,36)
(11681,9,15,16,17,23,24,30,36)
(11682,15,16,17,23,24,30,36)
(11683,8,14,13,19,25,31)
(11684,1,7,13,19)
(11685,36,30,24,23,17,16,15,9)
(11686,8,9,15,21,27,28,29)
(11687,13,14,20,21,22,23,24,30,36)
(11688,14,20,21,27,28,34,35)
(11689,32,31,25,19,13)
(11690,22,16,15,9,3)
(11691,7,13,14,20,21,27,28)
(11692,30,24,23,17,16,15,9)
(11693,5,4,3,9,8,14,13,19,25,31)
(11694,23,17,16,15,9,8,2,1)
(11695,17,23,29,35)
(11696,19,13,7,1)
(11697,13,19,25,31)
(11698,28,22,16,10)
(11699,12,18,17,16,15,21,27,33,32,31)
(11700,4,3,9,8,14,20,26,32)
(11701,19,13,7,1)
(11702,5,11,17,16,22,28,34)
(11703,21,15,9,8,2,1)
(11704,17,23,24,30,36)
(11705,16,17,23,29,35)
(11706,16,22,28,34)
(11707,7,13,14,20,21,27,33)
(11708,7,13,14,20,26)
(11709,36,30,24,18,12,11)
(11710,10,16,15,21,27,33,32,31)
(11711,22,16,15,9,8,2,1)
(11712,13,19,25,31,32)
(11713,17,23,29,35)
(11714,1,2,8,9,15,16,17,23,24,30)
(11715,30,24,23,17,16,15,9,8,2,1)
(11716,15,21,27,28,34,35)
(11717,8,9,15,21,27,28,29)
(11718,29,28,27,21,15,9,8,7)
(11719,19,13,7,1)
(11720,2,8,9,15,21,27,28)
(11721,27,21,15,9,3,4,5)
(11722,7,13,19,25,31,32)
(11723,4,10,16,17,23)
(11724,12,18,24,30)
(11725,10,16,17,23,24,30,36)
(11726,13,19,25,31)
(11727,1,2,8,9,15,16,17,23,24)
(11728,24,23,17,16,15,9,8,2,1)
(11729,31,25,19,13,7,1)
(11730,2,8,9,15,21,27,28,29)
(11731,33,27,21,15,9,3)
(11732,36,30,24,18,12,11)
(11733,14,20,21,27,33)
(11734,21,15,9,3)
(11735,29,23,17,16,10,4)
(11736,35,29,30,24,18,12,11,5)
(11737,34,28,27,21,15,9,8,2)
(11738,4,3,9,8,14,20,26)
(11739,10,16,22,28)
(11740,24,23,17,16,15,9,3)
(11741,14,20,21,22,23,24,30,36)
(11742,6,12,18,24,30)
(11743,14,20,26,32)
(11744,21,15,9,3)
(11745,35,29,23,17,16,10,4)
(11746,24,23,17,16,10,4)
(11747,4,10,16,17,23,29,35)
(11748,20,14,8,2)
(11749,7,13,14,20,21,27,33)
(11750,8,14,20,26)
(11751,28,22,16,10,11,5)
(11752,36,30,29,28,27,21,20,14,13)
(11753,13,14,20,21,27,28,34,35)
(11754,10,16,17,23,24,30,36)
(11755,1,2,8,14,20,26)
(11756,24,18,12,6)
(11757,6,12,18,24,30)
(11758,16,22,28,34)
(11759,18,24,30,36)
(11760,36,30,24,23,17,16,15,9,8)
(11761,24,18,12,11,5)
(11762,2,8,9,15,21,27,28)
(11763,29,28,27,21,15,9,8,7)
(11764,31,25,19,13,14,8,9,3,4)
(11765,31,25,19,13,14,8,9,3,4,5,6)
(11766,2,8,9,15,21,27,28,34,35)
(11767,7,13,14,20,21,27,28,29)
(11768,28,27,21,15,9,8,2)
(11769,1,2,8,9,15,21,27,28,34)
(11770,9,15,21,27,33)
(11771,21,15,9,8,2,1)
(11772,2,8,9,15,21,27,28,34,35)
(11773,3,9,15,21)
(11774,32,26,20,14,8,9)
(11775,26,20,14,8)
(11776,3,9,15,21,27)
(11777,10,16,22,28)
(11778,10,16,15,21,27,33,32,31)
(11779,28,27,21,15,9,8,2,1)
(11780,26,20,14,8,9,3,4)
(11781,8,9,15,16,17,23,24,30,36)
(11782,24,23,17,16,15,9,8,2)
(11783,31,25,19,13,14,8,9,3,4,5)
(11784,16,22,28,34)
(11785,26,20,14,8,9,3,4)
(11786,29,28,27,21,15,9,8)
(11787,34,28,27,21,15)
(11788,5,11,17,16,22,28,34)
(11789,27,21,15,9,3)
(11790,25,19,13,14,8,9,3,4,5)
(11791,30,24,23,17,16,15,9,3)
(11792,26,20,14,8,9,3,4,5)
(11793,8,14,13,19,25,31)
(11794,27,21,15,9,8,7)
(11795,33,27,21,15)
(11796,18,24,30,36)
(11797,19,13,7,1)
(11798,14,20,21,27,28,34)
(11799,24,18,12,11,5)
(11800,2,8,9,15,21)
(11801,9,15,21,27,28)
(11802,18,24,30,36)
(11803,4,10,16,17,23,24,30,36)
(11804,17,23,29,35)
(11805,26,20,14,8,9,3,4,5,6)
(11806,24,18,12,6)
(11807,18,24,30,36)
(11808,20,14,8,2,1)
(11809,20,14,8,2)
(11810,7,13,19,25)
(11811,2,8,9,15,21)
(11812,21,15,9,8,2)
(11813,11,17,16,22,28,34)
(11814,33,27,21,15,9,8,2)
(11815,6,5,4,3,9,8,14,13,19,25)
(11816,31,25,19,13,14,8,2)
(11817,29,28,27,21,15,9,8,2,1)
(11818,1,2,8,14,20)
(11819,1,2,8,9,15,16,17,23)
(11820,3,9,15,21,27,28)
(11821,30,24,23,17,16,15,9,8,7)
(11822,14,20,21,27,28,34)
(11823,2,8,9,15,16,17,23)
(11824,31,25,19,13,7,1)
(11825,16,17,23,29,35)
(11826,12,18,24,30)
(11827,22,16,15,9,8,2,1)
(11828,22,16,15,9,3)
(11829,7,13,19,25,31,32)
(11830,24,23,17,16,15,9,8,2,1)
(11831,2,8,9,15,16,22)
(11832,13,19,25,31)
(11833,25,19,13,7)
(11834,13,14,20,21,22,23,24,30,36)
(11835,12,18,24,30,29,35,34)
(11836,6,5,4,3,9,8,14,13,19,25,31)
(11837,20,14,8,2,1)
(11838,29,28,27,21,15,9,8)
(11839,7,13,14,20,26)
(11840,21,15,9,8,2)
(11841,18,24,30,36)
(11842,36,30,24,23,17,16,15,9,3)
(11843,14,20,21,22,23,24,30,36)
(11844,21,15,9,8,2)
(11845,28,27,21,15,9,8,2,1)
(11846,13,14,20,21,27,28,34)
(11847,28,27,21,15,9,8,2)
(11848,8,14,13,19,25,31)
(11849,31,25,19,13,14,8,9,10)
(11850,18,24,30,36)
(11851,18,24,30,36)
(11852,2,8,9,15,16,17,23,24,30)
(11853,1,2,8,9,15,21,27,28,34,35)
(11854,6,12,18,24,30,36)
(11855,21,15,9,3)
(11856,16,17,23,24,30,36)
(11857,1,2,8,9,15,21,27,33)
(11858,30,24,18,12)
(11859,8,9,15,21,27,28,29)
(11860,10,16,17,23,24,30,36)
(11861,17,23,29,35)
(11862,12,18,24,30,29,35,34)
(11863,3,9,15,21,27)
(11864,10,16,17,23,24,30)
(11865,8,14,20,26,32)
(11866,8,9,15,16,17,23,24,30)
(11867,36,30,29,28,27,21,20,14)
(11868,19,13,7,1)
(11869,1,2,8,9,15,21,27)
(11870,22,16,15,9,3)
(11871,15,16,17,23,24,30,36)
(11872,26,20,14,8,9,3)
(11873,22,16,15,9,3)
(11874,26,20,14,8,9,3,4,5)
(11875,15,21,27,33)
(11876,33,27,21,15,9)
(11877,11,17,23,29)
(11878,20,14,8,2,1)
(11879,21,15,9,3)
(11880,3,9,8,14,13,19,25)
(11881,2,8,9,15,21,27,28,34,35)
(11882,3,9,15,21,27,28,29)
(11883,1,2,8,9,15,21,27)
(11884,36,30,29,28,27,21,20,14)
(11885,13,14,20,21,27,28,34)
(11886,28,22,16,17,18,12,6)
(11887,7,13,14,20,21,27,33)
(11888,12,18,17,16,15,21,27,33,32)
(11889,24,23,17,16,15,9,3)
(11890,1,7,13,19)
(11891,32,26,20,14,8,2)
(11892,1,2,8,9,15,16,17,23,24,30,36)
(11893,21,15,9,8,2)
(11894,27,21,15,9,8,7)
(11895,36,30,24,23,17,16,15,9)
(11896,12,18,24,30)
(11897,25,19,13,14,8,9,3)
(11898,25,19,13,14,8,2)
(11899,27,21,15,9,8,2,1)
(11900,13,19,25,31)
(11901,4,3,9,15,21,27)
(11902,25,19,13,14,8,9,3)
(11903,11,17,23,24,30,36)
(11904,25,19,13,14,8,9,3)
(11905,26,20,14,8,2,1)
(11906,12,18,17,16,15,21,27,33)
(11907,7,8,9,15,16,17,23,24,30)
(11908,18,24,30,36)
(11909,15,16,17,23,24,30,36)
(11910,3,9,15,21,27)
(11911,2,8,9,15,16,17,23,24)
(11912,34,28,22,16,17,18,12,6)
(11913,29,28,27,21,15,9,8,2)
(11914,34,28,22,16,17,18,12)
(11915,8,9,15,16,17,23,24,30,36)
(11916,9,15,21,27,28,29)
(11917,29,30,24,18,12,11,5)
(11918,20,14,8,2)
(11919,35,29,28,27,21,15,9,8,2,1)
(11920,1,2,8,9,15,21,27,28)
(11921,29,28,27,21,15,9,8,2,1)
(11922,10,16,17,23,29,35)
(11923,29,28,27,21,15,9,8)
(11924,16,17,23,24,30,36)
(11925,9,15,21,27,28,34)
(11926,30,24,23,17,16,15,9,8,7)
(11927,14,20,21,22,23,24,30,36)
(11928,27,21,15,9,8)
(11929,16,17,23,24,30,36)
(11930,5,4,3,9,8,14,13,19,25,31)
(11931,17,23,24,30,36)
(11932,22,16,15,9,8,2,1)
(11933,15,21,27,28,34)
(11934,19,13,7,1)
(11935,13,19,25,31)
(11936,7,13,14,20,21,27,28,34)
(11937,35,29,28,27,21,15,9,3)
(11938,24,23,17,16,10,4)
(11939,20,14,8,2,1)
(11940,29,28,27,21,15,9,8,2,1)
(11941,10,16,22,28,34)
(11942,15,21,27,28,34,35)
(11943,11,17,23,29,35)
(11944,36,30,24,18,12,11)
(11945,24,23,17,16,10,4)
(11946,17,23,24,30,36)
(11947,12,18,17,16,15,21,27,33,32)
(11948,28,22,16,10,4)
(11949,20,14,8,2)
(11950,11,17,23,24,30)
(11951,36,30,24,23,17,16,15,9,3)
(11952,23,17,16,15,9,8,2,1)
(11953,2,8,14,20,26)
(11954,36,30,24,18,12,11,5)
(11955,8,9,15,21,27)
(11956,30,24,23,17,16,15,9)
(11957,12,18,17,16,15,21,27,33)
(11958,19,13,7,1)
(11959,16,17,23,29,35)
(11960,36,30,24,23,17)
(11961,30,24,23,17,16,15,9,8,7)
(11962,36,30,24,18,12,11,5)
(11963,16,17,23,29,35)
(11964,35,29,23,17)
(11965,11,17,16,15,21,27,33)
(11966,21,15,9,8,2,1)
(11967,21,15,9,3)
(11968,23,17,16,15,9,8,2,1)
(11969,36,30,24,23,17,16,15,9,8,7)
(11970,4,3,9,8,14,13,19,25)
(11971,35,29,30,24,18,12,6)
(11972,22,16,15,9,8,2,1)
(11973,32,26,20,14,8,9)
(11974,7,13,14,20,21,27,28)
(11975,24,23,17,16,15,9,8,2,1)
(11976,21,15,9,8,2,1)
(11977,11,17,23,24,30)
(11978,34,28,22,16,10)
(11979,29,30,24,18,12,6)
(11980,24,23,17,16,15,9,8,2)
(11981,13,14,20,21,27,33)
(11982,14,20,26,32)
(11983,23,17,16,15,9,8,2,1)
(11984,11,17,16,15,21,27,33,32,31)
(11985,16,17,23,29,35)
(11986,6,5,11,17,16,15,21,27,33,32)
(11987,27,21,15,9,3)
(11988,17,23,29,35)
(11989,31,25,19,13,14,8,9)
(11990,2,8,9,15,21,27,28,29)
(11991,19,13,7,1)
(11992,3,9,15,16,17,23,24,30)
(11993,12,18,24,30)
(11994,4,10,16,17,23,29,35)
(11995,11,17,16,15,21,27,33,32,31)
(11996,21,15,9,3)
(11997,33,27,21,15,16,17,18,12)
(11998,16,22,28,34)
(11999,34,28,27,21,20,14)
(12000,33,27,21,15,9,8)
(12001,1,2,8,9,15,21,27,28)
(12002,22,16,15,9,8,2)
(12003,16,17,23,29,35)
(12004,29,30,24,18,12,6)
(12005,17,23,29,35)
(12006,17,23,24,30,36)
(12007,6,12,18,24,30)
(12008,33,27,21,15,9,3,4)
(12009,34,28,27,21,15,9,8,2)
(12010,17,23,29,35)
(12011,22,16,15,9,8,2)
(12012,2,8,9,15,21,27,28,34)
(12013,21,15,9,3)
(12014,11,17,16,15,21,27,33)
(12015,17,23,29,35)
(12016,7,13,14,20,21,27,33)
(12017,17,23,24,30,36)
(12018,6,12,18,24,30,29,28)
(12019,13,19,25,31)
(12020,5,4,3,9,8,14,20,26)
(12021,15,21,27,33)
(12022,7,8,9,15,16,17,23,24,30)
(12023,19,13,7,1)
(12024,22,16,15,9,3)
(12025,7,13,14,20,21,27,28)
(12026,27,21,15,9,8,2)
(12027,10,16,15,21,27,33,32)
(12028,10,16,15,21,27,33)
(12029,2,8,9,15,21,27,28,34)
(12030,3,9,15,16,17,23,24,30,36)
(12031,6,12,18,24,30,29)
(12032,31,25,19,13,14,8,9,10,11)
(12033,20,14,8,2,1)
(12034,26,25,19,13,7)
(12035,17,23,24,30,36)
(12036,6,12,18,24,30,29,35,34)
(12037,21,15,9,3)
(12038,3,9,15,16,17,23,24,30)
(12039,10,16,17,23,29)
(12040,15,21,27,28,34)
(12041,10,16,15,21,27,33)
(12042,5,11,17,16,22,28)
(12043,13,14,20,21,27,28,34,35)
(12044,33,27,21,15,16,10)
(12045,13,14,20,21,22,23,24,30,36)
(12046,19,13,7,1)
(12047,34,28,27,21,20,14,13)
