#(carId,StartTime,RoadId...)
(10000,27,21,15,9,3,2)
(10001,18,24,30,36)
(10002,8,14,15,21,22,23,29)
(10003,11,17,16,22,28,34)
(10004,26,20,21,15,9,3,4,5)
(10005,22,16,10,4,3,2)
(10006,9,10,16,22,23,29)
(10007,6,12,11,17,16,22,21,20,26,25,31)
(10008,8,14,15,21,27,33)
(10009,35,29,23,17,11,12,6)
(10010,2,1,7,13,19,25)
(10011,32,26,20,14,8,2)
(10012,14,15,21,27,33)
(10013,22,16,10,4,3,2)
(10014,4,10,16,22,28)
(10015,31,25,26,20,21,15,9,10)
(10016,36,30,24,18,12)
(10017,27,21,15,9,3,2)
(10018,28,22,16,10,9,8)
(10019,8,14,15,21,22,28)
(10020,23,22,16,10,4,3,2)
(10021,23,22,16,10,4,3,2,1)
(10022,5,4,10,16,22,28,34)
(10023,22,16,10,4,3)
(10024,30,24,18,12,11)
(10025,23,22,16,10,4,3)
(10026,12,11,17,16,22,21,20,26,32)
(10027,33,27,21,15,9,10)
(10028,22,16,10,4,3,2)
(10029,17,18,24,30,36)
(10030,22,16,10,4,3,2)
(10031,9,15,21,27)
(10032,25,26,20,21,15,9,3,4)
(10033,18,24,30,36)
(10034,15,21,27,33,34,35)
(10035,4,10,11,12,18,24)
(10036,7,8,14,15,21,22,28)
(10037,5,4,3,9,15,21,27,33)
(10038,2,3,4,10,16,22,23,29,35)
(10039,15,21,27,33)
(10040,21,15,9,3,2)
(10041,16,22,23,29,35)
(10042,8,9,10,11,12,18,24,30,36)
(10043,12,18,24,30,36)
(10044,31,25,26,20,21,15,9,10,11,12)
(10045,31,25,26,20,21,15,9,3,4,5)
(10046,28,22,16,10,4,3,2)
(10047,27,21,15,9,3,4)
(10048,28,22,16,10,4,5)
(10049,5,4,3,9,15,21,20,26,25)
(10050,34,28,22,16,17,11,12,6)
(10051,1,7,13,19,25)
(10052,15,21,27,33,34,35)
(10053,11,12,18,24,30)
(10054,5,11,17,23)
(10055,1,2,3,9,15,21)
(10056,27,21,15,14,8,7)
(10057,13,19,25,26,32)
(10058,30,24,18,12,11,10,4)
(10059,14,15,21,27,33,34)
(10060,1,2,3,4,10,11,12,18,24,30)
(10061,23,17,11,5)
(10062,30,24,18,12,11,10,4)
(10063,13,19,25,26,32)
(10064,9,15,21,20,26,32)
(10065,9,15,21,20,26,25,31)
(10066,31,25,26,20,21,15,9,10,11,12)
(10067,5,4,10,16,22,28)
(10068,18,24,30,36)
(10069,34,33,27,21,15,14,8,7,1)
(10070,29,23,22,16,10,4,3)
(10071,17,23,29,35)
(10072,14,15,21,27,33,34,35)
(10073,11,17,16,22,21,27,33)
(10074,1,2,8,14,20,26)
(10075,5,4,3,9,15,21,20,26,25)
(10076,30,24,18,12,11,10,4,3)
(10077,15,21,22,23,24,30,36)
(10078,10,16,22,28,34)
(10079,13,14,15,21,22,23,24,30,36)
(10080,9,10,11,12,18,24,30,36)
(10081,30,24,18,12,11,10,4,3,2)
(10082,20,14,8,2)
(10083,18,24,30,36)
(10084,33,27,21,15,9,10,11)
(10085,1,2,8,14,20,26)
(10086,20,14,8,7,1)
(10087,25,26,20,21,15,9,3,4)
(10088,6,12,11,17,16,22,21,20,26,25)
(10089,17,18,24,30,36)
(10090,18,24,30,36)
(10091,21,15,9,3)
(10092,11,17,16,22,28,34)
(10093,29,23,22,16,10,4,3,2)
(10094,4,3,9,15,21,20,26,25,31)
(10095,7,13,19,25,31)
(10096,28,22,16,10,4,3,2)
(10097,34,33,27,21,15,14,8,7)
(10098,24,18,12,11,10,4,3,2,1)
(10099,16,22,28,34)
(10100,36,30,24,18,12,6,5)
(10101,34,28,22,16,10,4,5)
(10102,35,29,23,17)
(10103,19,13,7,1)
(10104,31,25,26,20,21,15,9,10,11,12,6)
(10105,10,9,15,21,27,33)
(10106,24,18,12,11,10,4,3,2,1)
(10107,15,21,22,23,24,30,36)
(10108,33,27,21,15,9,10,11,12)
(10109,33,27,21,15,9)
(10110,23,22,16,10,4)
(10111,12,11,17,16,22,21,27,33)
(10112,5,11,17,23,29)
(10113,4,3,9,15,21,20,26)
(10114,24,18,12,6,5)
(10115,22,16,10,4,3,2,1)
(10116,7,8,14,15,21,22,28)
(10117,17,23,29,35)
(10118,11,17,23,29,35)
(10119,30,24,18,12,11,10,4)
(10120,14,20,26,32)
(10121,21,15,9,3)
(10122,11,17,16,22,21,27,33)
(10123,1,7,13,19)
(10124,21,15,14,8,7,1)
(10125,14,15,21,27,33,34,35)
(10126,1,2,3,4,10,11,12,18,24)
(10127,8,14,15,21,22,28)
(10128,17,23,29,35)
(10129,34,33,27,21,15)
(10130,2,1,7,13,19,25)
(10131,30,24,18,12,11,10,4,3,2)
(10132,1,2,3,4,10,16,22,23)
(10133,1,2,3,9,15,21,27)
(10134,30,24,18,12,11,10,4,3,2,1)
(10135,24,18,12,11,10,4,3)
(10136,26,20,21,15,9,3,4)
(10137,15,21,27,33)
(10138,19,13,7,1)
(10139,31,25,19,13,7,8)
(10140,34,28,22,16)
(10141,5,4,3,9,15,21,20,26,25,31)
(10142,7,8,14,15,21,22,28)
(10143,18,24,30,36)
(10144,26,20,14,8,2)
(10145,3,4,10,16,22,28)
(10146,31,25,19,13,7,8,2)
(10147,3,9,15,21,20,26,25)
(10148,33,27,21,15,9,3)
(10149,23,17,11,5)
(10150,14,20,26,32)
(10151,9,10,16,22,23,29,35)
(10152,22,16,10,4,3,2,1)
(10153,6,12,11,17,16,22,21,20,26,25)
(10154,23,22,16,10,4,3)
(10155,7,8,9,10,11,12,18,24,30,36)
(10156,30,24,18,12,6)
(10157,22,16,10,4)
(10158,35,29,23,17,11,12)
(10159,27,21,15,9,3,4,5)
(10160,28,22,16,10)
(10161,2,1,7,13,19,25)
(10162,24,18,12,6)
(10163,22,16,10,4,3,2)
(10164,26,20,14,8,2)
(10165,29,23,17,11,5)
(10166,4,3,9,15,21,20,26,25)
(10167,12,11,17,16,22,21,27,33)
(10168,27,21,15,14,8,7)
(10169,17,23,29,35)
(10170,36,30,24,18)
(10171,1,2,3,9,15,21,27,33)
(10172,33,27,21,15,9,10)
(10173,4,3,9,15,21,20,26,32)
(10174,6,12,11,17,16,22,21,20,26,25,31)
(10175,16,22,28,34)
(10176,5,4,10,16,22,28)
(10177,5,4,3,9,15,21,20,26,25,31)
(10178,5,4,3,9,15,21,20,26)
(10179,11,17,16,22,21,27,33)
(10180,9,10,16,22,23,29)
(10181,20,14,8,7,1)
(10182,16,22,28,34)
(10183,15,21,27,33,34)
(10184,17,23,29,35)
(10185,8,14,20,26,32)
(10186,36,30,24,18,12,11)
(10187,23,17,11,5)
(10188,35,29,23,22,16,10,4,3)
(10189,34,33,27,21,15,14,13)
(10190,24,18,12,6)
(10191,15,21,27,33)
(10192,27,21,15,14,8)
(10193,28,22,16,10,9)
(10194,26,20,14,8,2)
(10195,28,22,16,10,9,8,7)
(10196,11,17,23,29,35)
(10197,9,15,21,27)
(10198,24,18,12,11,10,4,3,2)
(10199,23,22,16,10,4,3,2)
(10200,9,15,21,20,26,25,31)
(10201,28,22,16,10,9)
(10202,34,28,22,16,17,11,12)
(10203,20,14,8,2)
(10204,29,23,22,16,10,4)
(10205,24,18,12,6,5)
(10206,32,26,20,21,15,9,10,11)
(10207,10,11,12,18,24,30,36)
(10208,23,22,16,10,4,3,2)
(10209,26,20,14,8)
(10210,11,17,16,22,21,27,33)
(10211,11,17,23,29,35)
(10212,35,29,23,22,16,15,14,13)
(10213,3,9,15,21,27,33,34)
(10214,7,8,14,15,21,27,33)
(10215,23,22,16,10,4,3,2)
(10216,10,9,15,21,27,33)
(10217,31,25,26,20,21,15,9,10,11)
(10218,14,15,21,27,33,34,35)
(10219,1,2,3,9,15,21,27,33,34)
(10220,4,10,16,22,23)
(10221,20,14,8,7,1)
(10222,12,11,17,16,22,28,34)
(10223,34,28,22,16,17,11,12,6)
(10224,18,24,30,36)
(10225,4,10,16,22,28)
(10226,24,18,12,11,10,4,3)
(10227,4,10,16,22,28)
(10228,18,24,30,36)
(10229,17,18,24,30,36)
(10230,15,21,22,23,24,30,36)
(10231,2,3,4,10,11,12,18,24,30)
(10232,22,16,10,4,3)
(10233,14,15,21,27,33)
(10234,26,20,21,15,9,10,11,12,6)
(10235,9,15,21,27,33,34)
(10236,8,14,20,26)
(10237,19,13,7,1)
(10238,11,17,23,29)
(10239,11,17,16,22,21,20,26,25,31)
(10240,16,22,23,29,35)
(10241,14,20,26,32)
(10242,16,22,23,24,30,36)
(10243,12,11,17,16,22,21,27,33)
(10244,35,29,23,17,11,5)
(10245,31,25,19,13,7)
(10246,30,24,18,12,11,10,4,3,2)
(10247,33,27,21,15,9,10)
(10248,28,22,16,10,9,8)
(10249,24,18,12,11,10,4)
(10250,35,29,23,22,16,10,4)
(10251,4,10,11,12,18,24,30,36)
(10252,30,24,18,12,11,10)
(10253,36,30,24,23,22,16,15,14,13)
(10254,18,24,30,36)
(10255,32,26,20,21,15,9,10,11,12)
(10256,7,8,14,15,21,22,23,29)
(10257,33,27,21,15,9,10,11,12,6)
(10258,31,25,19,13,7,8)
(10259,20,14,8,2)
(10260,25,19,13,7)
(10261,14,15,21,27,33)
(10262,25,19,13,7,8,2)
(10263,27,21,15,9,3,2)
(10264,27,21,15,9)
(10265,24,18,12,11,10,4,3,2)
(10266,32,26,20,14,8)
(10267,29,23,17,11)
(10268,23,22,16,10,4)
(10269,11,12,18,24,30,36)
(10270,7,8,14,15,21,27,33)
(10271,18,24,30,36)
(10272,35,29,23,22,16,15)
(10273,17,23,29,35)
(10274,28,22,16,10,4,3,2)
(10275,19,13,7,1)
(10276,10,16,22,23,29,35)
(10277,24,18,12,11,10,4,3)
(10278,27,21,15,9,3)
(10279,17,18,24,30,36)
(10280,22,16,10,4)
(10281,10,16,22,23,29,35)
(10282,32,26,20,21,15,9,10,11)
(10283,9,15,21,27,33,34)
(10284,15,21,22,23,24,30,36)
(10285,1,7,13,19)
(10286,1,2,3,9,15,21,27)
(10287,4,10,11,12,18,24,30)
(10288,25,26,20,21,15,9,3,4)
(10289,33,27,21,15,9,3)
(10290,26,20,14,8,2)
(10291,26,20,14,8)
(10292,35,29,23,17,11,12)
(10293,14,15,21,27,33,34)
(10294,15,21,27,33,34,35)
(10295,34,33,27,21,15,9)
(10296,9,15,21,27,33,34)
(10297,5,6,12,18,24)
(10298,34,28,22,16,17,11)
(10299,35,29,23,22,16)
(10300,24,18,12,6)
(10301,4,3,9,15,21,20,26,25)
(10302,18,24,30,36)
(10303,17,18,24,30,36)
(10304,18,24,30,36)
(10305,24,18,12,11,10,4,3)
(10306,8,14,15,21,22,28)
(10307,14,15,21,22,23,24,30,36)
(10308,19,13,7,1)
(10309,7,8,14,15,21,27)
(10310,21,15,9,3)
(10311,29,23,22,16,10)
(10312,18,24,30,36)
(10313,15,21,22,23,24,30,36)
(10314,21,15,14,8,7,1)
(10315,10,9,15,21,20,26,32)
(10316,11,12,18,24,30)
(10317,26,20,21,15,9,3,4,5)
(10318,32,26,20,21,15,9,10)
(10319,11,12,18,24,30,36)
(10320,15,21,22,23,24,30,36)
(10321,20,14,8,2)
(10322,32,26,20,21,15,9,3)
(10323,9,10,16,22,28)
(10324,7,13,19,25)
(10325,10,16,22,28,34)
(10326,11,17,16,22,21,27,33)
(10327,2,3,4,10,16,22)
(10328,4,10,16,22,23)
(10329,2,3,4,10,16,22)
(10330,20,14,8,7,1)
(10331,36,30,24,23,22,16,15,14,13)
(10332,20,14,8,7,1)
(10333,21,15,9,3)
(10334,31,25,26,20,21,15,9,3,4,5)
(10335,30,24,18,12,11,10,9,8,7)
(10336,12,11,17,16,22,28,34)
(10337,17,23,29,35)
(10338,5,4,3,9,15,21,20,26,32)
(10339,25,19,13,7,8,2)
(10340,26,20,14,8)
(10341,20,14,8,7,1)
(10342,11,17,16,22,21,20,26,25,31)
(10343,25,26,20,21,15,9,10,11,12,6)
(10344,33,27,21,15,9,3,2)
(10345,28,22,16,10,9,8)
(10346,12,11,17,23,29,35)
(10347,20,14,8,2)
(10348,21,15,14,8,7,1)
(10349,21,15,9,3)
(10350,35,29,23,22,16,10)
(10351,9,10,11,12,18,24,30,36)
(10352,30,24,18,12,11,10,9,8,7)
(10353,36,30,24,18,12,11)
(10354,7,8,14,15,21,27)
(10355,25,19,13,7)
(10356,16,22,28,34)
(10357,5,4,3,9,15,21,20,26,32)
(10358,10,11,12,18,24,30,36)
(10359,17,23,29,35)
(10360,9,10,16,22,23,29)
(10361,30,24,18,12,11)
(10362,23,22,16,10,4,3)
(10363,8,7,13,19,25,31)
(10364,11,17,16,22,28,34)
(10365,18,24,30,36)
(10366,27,21,15,9,3,4,5)
(10367,9,15,21,20,26,25,31)
(10368,36,30,24,18,12,11,10,4,3)
(10369,3,9,15,21,27,33,34)
(10370,8,14,15,21,27,33,34,35)
(10371,24,18,12,6,5)
(10372,23,17,11,5)
(10373,16,22,28,34)
(10374,6,12,18,24,30)
(10375,16,22,28,34)
(10376,21,15,9,3)
(10377,1,2,3,4,10,16,22,23)
(10378,23,22,16,10,4)
(10379,23,17,11,5)
(10380,17,23,29,35)
(10381,1,2,3,4,10,11,12,18,24)
(10382,6,12,11,17,16,22,21,27,33)
(10383,25,19,13,7,8,2)
(10384,30,24,18,12,11,10)
(10385,11,17,16,22,21,20,26,32)
(10386,27,21,15,9,3,4)
(10387,19,13,7,1)
(10388,27,21,15,14,8,7)
(10389,23,22,16,10,4,3)
(10390,26,20,14,8,2)
(10391,26,20,21,15,9,3,4)
(10392,10,11,12,18,24,30,36)
(10393,15,21,22,23,24,30,36)
(10394,33,27,21,15,9,10)
(10395,22,16,10,4,3)
(10396,26,20,21,15,9,3,4,5)
(10397,11,17,16,22,21,20,26,32)
(10398,7,8,14,20,26,32)
(10399,20,14,8,7,1)
(10400,12,18,24,30,36)
(10401,5,11,17,23,29,35)
(10402,6,12,11,17,16,22,28,34)
(10403,32,26,20,21,15,9,10)
(10404,25,19,13,7,8,2)
(10405,10,16,22,28,34)
(10406,33,27,21,15,14)
(10407,35,29,23,17,11)
(10408,35,29,23,22,16,10,9,8,7)
(10409,24,18,12,11,10,4,3)
(10410,20,14,8,7,1)
(10411,26,20,21,15,9,3)
(10412,19,13,7,1)
(10413,25,26,20,21,15,9,3,4,5)
(10414,11,12,18,24,30,36)
(10415,13,14,15,21,22,23,24,30,36)
(10416,24,18,12,6,5)
(10417,11,17,23,29)
(10418,13,14,15,21,22,23,24,30,36)
(10419,17,23,29,35)
(10420,23,22,16,10,4)
(10421,14,15,21,27,33)
(10422,26,20,14,8,7)
(10423,12,11,17,16,22,28,34)
(10424,12,11,17,23,29,35)
(10425,31,25,19,13,7,1)
(10426,5,4,3,9,15,21,20,26,25)
(10427,21,15,9,3)
(10428,29,23,17,11,12,6)
(10429,15,21,27,33)
(10430,32,26,20,14,8,7)
(10431,26,20,21,15,9,10,11,12,6)
(10432,5,4,10,16,22,28)
(10433,18,24,30,36)
(10434,3,4,10,11,12,18,24)
(10435,16,22,23,29,35)
(10436,22,16,10,4,3)
(10437,23,17,11,5)
(10438,11,17,16,22,21,27,33)
(10439,6,12,11,17,16,22,21,27,33)
(10440,2,3,4,10,16,22)
(10441,36,30,24,18,12)
(10442,14,15,21,27,33,34,35)
(10443,18,24,30,36)
(10444,27,21,15,9,10,11,12,6)
(10445,19,13,7,1)
(10446,13,19,25,31)
(10447,12,11,17,16,22,28,34)
(10448,7,8,14,15,21,22,28)
(10449,33,27,21,15,9,10,11)
(10450,18,24,30,36)
(10451,3,4,10,11,12,18,24)
(10452,10,16,22,23,29,35)
(10453,12,11,17,23,29,35)
(10454,36,30,24,18,17)
(10455,29,23,22,16,10,9,8)
(10456,21,15,14,8,7,1)
(10457,36,30,24,18,12,11,10,9)
(10458,2,3,4,10,11,12,18,24,30)
(10459,9,10,11,12,18,24,30,36)
(10460,14,15,21,27,33)
(10461,4,10,16,22)
(10462,25,19,13,7,8,2)
(10463,7,8,14,15,21,27,33,34,35)
(10464,23,17,11,5)
(10465,3,9,15,21,27)
(10466,23,17,11,5)
(10467,5,4,3,9,15,21,20,26,25)
(10468,27,21,15,9,3,2)
(10469,6,12,11,17,16,22,21,20,26)
(10470,32,26,20,21,15,9,10,11,12,6)
(10471,24,18,12,6)
(10472,21,15,9,3)
(10473,9,10,16,22,23,29,35)
(10474,1,2,3,4,10,11,12,18,24,30)
(10475,12,11,17,16,22,21,20,26,32)
(10476,8,14,15,21,22,23,29)
(10477,16,22,23,29,35)
(10478,12,11,17,23,29,35)
(10479,4,10,16,22)
(10480,24,18,12,11,10,4)
(10481,4,10,11,12,18,24,30,36)
(10482,14,15,21,22,23,24,30,36)
(10483,20,14,8,7,1)
(10484,8,14,15,21,22,23,29)
(10485,15,21,27,33)
(10486,8,9,10,11,12,18,24,30)
(10487,14,15,21,22,23,24,30,36)
(10488,34,33,27,21,15,14,8)
(10489,23,22,16,10,4,3,2,1)
(10490,16,22,23,29,35)
(10491,2,1,7,13,19,25)
(10492,5,6,12,18,24,30)
(10493,15,21,27,33,34)
(10494,16,22,23,29,35)
(10495,20,14,8,2)
(10496,10,11,12,18,24,30,36)
(10497,28,22,16,17,11,12,6)
(10498,31,25,26,20,21,15,9,3,4)
(10499,10,16,22,23,29,35)
(10500,11,17,16,22,21,20,26,25,31)
(10501,16,22,23,29,35)
(10502,36,30,24,23,22,16,15,14)
(10503,28,22,16,10,4,3,2)
(10504,33,27,21,15,9,3,2)
(10505,19,13,7,1)
(10506,5,11,17,23)
(10507,27,21,15,9,3)
(10508,32,26,20,14,8)
(10509,8,14,15,21,27,33,34,35)
(10510,1,2,3,4,10,16,22)
(10511,12,11,17,16,22,28,34)
