#(carId,StartTime,RoadId...)
(10000,15,16,17,23,29,35)
(10001,16,22,28,34)
(10002,7,13,19,25,31)
(10003,34,28,22,16,10,9,8,7)
(10004,22,16,10,4,3,2)
(10005,20,14,8,2)
(10006,21,15,9,3,2)
(10007,23,17,11,5,4,3,2)
(10008,31,25,19,13,7,1)
(10009,30,24,18,12,11,10,9,8)
(10010,33,27,21,15,9,3,2)
(10011,15,21,27,33)
(10012,21,15,9,3,2)
(10013,35,29,23,17,11,12)
(10014,16,17,18,24,30,36)
(10015,1,2,3,4,10,16,22,28)
(10016,22,16,10,4,3,2,1)
(10017,9,8,14,20,26,32)
(10018,13,19,25,31)
(10019,15,16,17,23,29,35)
(10020,27,21,15,9,3,4,5)
(10021,12,11,17,23,29,35)
(10022,4,5,6,12,18,24,30)
(10023,21,15,9,3,2)
(10024,25,19,13,7,1,2,3,4,5)
(10025,35,29,23,17,16)
(10026,26,20,14,8,7)
(10027,18,24,30,36)
(10028,4,5,11,17,23,29,35)
(10029,18,24,30,36)
(10030,26,20,14,8,2)
(10031,32,26,20,14,8,2,3,4,5)
(10032,8,9,10,16,22,28,34)
(10033,33,27,21,15,9,3,4,5,6)
(10034,2,3,4,5,11,17,23)
(10035,1,7,13,19)
(10036,7,8,14,20,26,32)
(10037,19,13,7,1)
(10038,35,29,23,17,11,5,6)
(10039,11,12,18,24,30,36)
(10040,31,25,19,13,7,1,2,3,4,5,6)
(10041,16,22,28,34)
(10042,31,25,19,13,7,8,9)
(10043,27,21,15,9)
(10044,23,17,11,5,4,3,2)
(10045,2,3,4,5,11,17,23,29)
(10046,22,16,10,4,3,2,1)
(10047,16,22,28,34)
(10048,1,7,13,19,25,31)
(10049,4,5,11,17,23)
(10050,15,16,22,28,34)
(10051,9,10,11,12,18,24,30)
(10052,14,20,26,32)
(10053,9,10,11,12,18,24,30)
(10054,8,9,10,11,17,23,29,35)
(10055,2,3,4,10,16,22)
(10056,16,17,23,29,35)
(10057,31,25,19,13,7,8,9,10)
(10058,24,18,12,6,5,4)
(10059,4,5,11,17,23,29)
(10060,14,15,16,17,18,24,30,36)
(10061,12,11,10,16,22,28,34)
(10062,4,10,16,22)
(10063,13,14,15,21,27,33)
(10064,23,17,11,5,4,3,2,1)
(10065,3,2,1,7,13,19,25,31)
(10066,35,29,23,17,11,10,9,8,7)
(10067,18,24,30,36)
(10068,6,5,4,3,9,15,21,27,33)
(10069,9,8,14,20,26,32)
(10070,16,17,18,24,30,36)
(10071,35,29,23,17,16)
(10072,34,28,22,16,10,4,3,2)
(10073,23,17,11,5,4,3,2)
(10074,33,27,21,15,14)
(10075,17,18,24,30,36)
(10076,33,27,21,15,9,3,2)
(10077,3,9,15,21,27)
(10078,3,2,8,14,20,26,32)
(10079,15,16,22,28,34)
(10080,24,18,12,6,5,4,3,2)
(10081,9,10,16,22,28)
(10082,27,21,15,9,3,2,1)
(10083,36,30,24,18,12,6)
(10084,10,11,12,18,24,30)
(10085,34,28,22,16,10,11,12)
(10086,25,19,13,7,1,2,3)
(10087,21,15,9,3,2,1)
(10088,18,24,30,36)
(10089,22,16,10,4,3)
(10090,4,5,11,17,23)
(10091,35,29,23,17,11,5)
(10092,27,21,15,9,8,7)
(10093,19,13,7,1)
(10094,22,16,10,4)
(10095,24,18,12,6)
(10096,34,28,22,16,15,14)
(10097,14,15,16,17,23,29,35)
(10098,12,18,24,30)
(10099,36,30,24,18,12)
(10100,14,20,26,32)
(10101,8,7,13,19,25,31)
(10102,20,14,8,2)
(10103,1,2,3,4,5,6,12,18,24,30,36)
(10104,9,15,21,27,33)
(10105,16,17,18,24,30,36)
(10106,26,20,14,8,7)
(10107,5,4,3,9,15,21,27,33)
(10108,25,19,13,7)
(10109,14,20,26,32)
(10110,11,12,18,24,30)
(10111,32,26,20,14,8,9,10)
(10112,17,18,24,30,36)
(10113,25,19,13,7,1,2,3,4,5)
(10114,7,8,9,10,11,12,18,24,30)
(10115,2,8,14,20,26)
(10116,28,22,16,10,4,3,2)
(10117,14,15,21,27,33)
(10118,7,8,14,20,26)
(10119,26,20,14,8,2,1)
(10120,20,14,8,2)
(10121,33,27,21,15,9,8,7)
(10122,8,7,13,19,25,31)
(10123,35,29,23,17,11)
(10124,28,22,16,10,4,5)
(10125,10,11,17,23,29,35)
(10126,5,11,17,23,29,35)
(10127,20,14,8,2)
