#(carId,StartTime,RoadId...)
(10000,8,14,20,26,32)
(10001,9,15,16,22,23,29)
(10002,9,15,21,27,33,32)
(10003,8,14,15,21,27,33,34,35)
(10004,4,10,16,22,23)
(10005,2,3,9,15,21,27,33,34,35)
(10006,4,10,16,22,23,29)
(10007,32,33,27,21,15,16,17,18,12,6)
(10008,26,20,14,13,7,1)
(10009,4,10,16,22,23,29)
(10010,27,21,15,16,10,4)
(10011,10,16,15,21,27,33,32,31)
(10012,13,14,15,21,27,33)
(10013,1,7,8,14,15,16,22,23,29)
(10014,24,18,17,16,15,14,13,7,1)
(10015,7,13,19,25)
(10016,28,22,16,15,14,13,7)
(10017,23,22,16,10,4)
(10018,13,14,20,26,32)
(10019,7,8,14,15,16,22,23,29)
(10020,11,12,18,24,30)
(10021,13,19,25,31)
(10022,8,14,15,16,22,23,29)
(10023,1,7,13,19,25)
(10024,28,22,16,10,4)
(10025,22,16,15,9,3)
(10026,22,16,15,14,13,7,1)
(10027,7,8,14,15,21,27,33,34)
(10028,34,28,22,16,15)
(10029,13,14,15,21,27,33,34,35)
(10030,4,10,16,15,21,27)
(10031,15,21,27,33,34,35)
(10032,16,17,18,24,30,36)
(10033,25,19,13,14,8,2)
(10034,29,23,22,16,15,9,3,2)
(10035,15,21,27,33)
(10036,25,19,13,14,15,16,10,4)
(10037,29,23,22,16,15,9)
(10038,12,18,17,16,15,21,27,33,32,31)
(10039,32,26,20,14,8)
(10040,10,16,15,21,27,33,32)
(10041,12,18,24,30,36)
(10042,31,32,33,27,21,15,16,10)
(10043,33,27,21,15,16,17,18,12)
(10044,23,22,16,15,9,3,2)
(10045,35,34,28,22,16,10)
(10046,16,22,28,34)
(10047,9,15,21,27,33,32)
(10048,16,22,28,34)
(10049,10,16,17,18,24,30,36)
(10050,16,17,18,24,30,36)
(10051,14,15,21,27,33)
(10052,35,34,28,22,16,15,14,8)
(10053,2,3,9,15,16,17,18,24,30)
(10054,27,21,15,14,13,7)
(10055,2,3,9,15,16,22,23)
(10056,3,9,15,16,17,18,24)
(10057,28,22,16,10)
(10058,27,21,15,14,8)
(10059,13,14,15,21,27,33)
(10060,36,30,24,18,12,6,5,4)
(10061,18,24,30,36)
(10062,5,4,10,16,15,14,13,19,25)
(10063,22,16,10,4)
(10064,11,12,18,24,30)
(10065,1,7,13,19,25,31)
(10066,34,35,29,30,24,18,12)
(10067,12,18,24,30)
(10068,18,24,30,36)
(10069,30,24,18,12,6)
(10070,27,21,15,9,3,2)
(10071,16,17,18,24,30,36)
(10072,34,28,22,16,10)
(10073,21,15,9,3,2)
(10074,36,30,24,18,17,16,15,14,13,7,1)
(10075,20,14,8,2)
(10076,14,15,21,27,33,34)
(10077,8,14,15,16,22,28)
(10078,35,34,28,22,16,10,4)
(10079,6,12,18,24,30,36)
(10080,26,20,14,13,7,1)
(10081,15,21,27,33)
(10082,3,9,15,14,13,19,25)
(10083,5,4,10,16,15,21,27)
(10084,9,15,21,27,33,32,31)
(10085,33,27,21,15,14,13,7,1)
(10086,24,18,12,6)
(10087,36,30,24,18,17,16)
(10088,36,30,24,18,12,6,5)
(10089,35,34,28,22,16)
(10090,19,13,7,1)
(10091,12,18,24,30,29,35,34)
(10092,12,18,17,16,15,21,27,33)
(10093,35,34,28,22,16,15,14)
(10094,35,34,28,22,16,15)
(10095,28,22,16,10,4,5)
(10096,7,13,19,25)
(10097,20,14,8,2)
(10098,7,13,19,25,31)
(10099,32,33,27,21,15,16,17,18,12,6)
(10100,25,19,13,14,15,16,10,4,5)
(10101,9,15,21,27,33)
(10102,30,24,18,17,16,15,9)
(10103,32,33,27,21,15,16,17,18,12,6)
(10104,14,15,21,27,33,34)
(10105,34,28,22,16,15,14,13,7)
(10106,9,15,21,27,33,34)
(10107,16,22,28,34,35)
(10108,3,9,15,16,17,18,24,30,36)
(10109,26,20,14,15,16,17,18,12,6)
(10110,31,32,33,27,21,15,16,17,18,12,6)
(10111,19,13,7,1)
(10112,6,5,4,10,16,15,21,27)
(10113,32,33,27,21,15,16,10)
(10114,22,16,15,14,13,7,1)
(10115,35,29,23,17)
(10116,21,15,9,3,2)
(10117,17,18,24,30,36)
(10118,27,21,15,9)
(10119,11,17,16,15,21,27,33)
(10120,10,16,17,18,24,30)
(10121,33,27,21,15,9)
(10122,9,15,16,22,28)
(10123,36,30,24,18,17,16,15,14)
(10124,18,24,30,36)
(10125,27,21,15,9,3,2)
(10126,30,24,18,12)
(10127,22,16,15,14,13,7,1)
(10128,17,18,24,30,36)
(10129,12,18,17,16,15,21,27,33,32,31)
(10130,29,23,22,16,10,4)
(10131,11,17,23,29,35)
(10132,14,20,26,32)
(10133,15,21,27,33,34,35)
(10134,9,15,21,27,33,34)
(10135,33,27,21,15,16,10)
(10136,36,30,24,18,12,6)
(10137,19,13,7,1)
(10138,2,8,14,20,26)
(10139,6,5,4,10,16,15,14,13,19,25)
(10140,18,24,30,36)
(10141,21,15,9,3,2)
(10142,25,19,13,14,15,9,3)
(10143,12,18,24,30,29,35)
(10144,33,27,21,15,14,13,7)
(10145,16,22,28,34,35)
(10146,34,28,22,16,10,11)
(10147,11,17,23,29,35)
(10148,22,16,10,4)
(10149,15,21,27,33)
(10150,20,14,13,7,1)
(10151,11,17,16,15,21,27,33)
(10152,16,22,28,34)
(10153,11,17,16,15,21,27,33,32,31)
(10154,7,13,19,25)
(10155,32,26,20,14,8)
(10156,33,27,21,15,16,17,18,12,6)
(10157,30,24,18,17,16,15,9)
(10158,26,20,14,15,16,17,18,12,6)
(10159,13,14,15,21,27,33)
(10160,27,21,15,14,13,7)
(10161,7,8,14,15,16,22,28)
(10162,18,24,30,36)
(10163,35,34,28,22,16,10)
(10164,5,4,10,16,22,28)
(10165,12,18,24,30,29,35)
(10166,23,22,16,10,4,5)
(10167,36,30,24,18,12,6,5,4)
(10168,8,14,20,26,32,31)
(10169,13,14,15,21,27,33)
(10170,10,16,22,23,29)
(10171,3,9,15,14,20,26)
(10172,15,21,27,33)
(10173,13,14,15,21,27,33,34,35)
(10174,22,16,15,9,3)
(10175,10,16,15,21,27,33,32)
(10176,28,22,16,17,18,12,6)
(10177,8,14,15,16,22,28)
(10178,31,32,33,27,21,15,16,17,18,12)
(10179,18,24,30,36)
(10180,21,15,14,13,7,1)
(10181,35,29,30,24,18,12,6,5)
(10182,31,32,26,20,14,8,2)
(10183,34,28,22,16,15,14,8)
(10184,27,21,15,14,13,7)
(10185,18,24,30,36)
(10186,13,14,15,16,17,18,24,30,36)
(10187,33,27,21,15)
(10188,22,16,15,9,3,2)
(10189,14,15,21,27,33,34)
(10190,2,3,9,15,16,17,18,24)
(10191,35,29,30,24,18,12)
(10192,30,24,18,17,16,15,14,13,7,1)
(10193,28,22,16,10)
(10194,30,24,18,12)
(10195,32,26,20,14,13,7,1)
(10196,17,23,29,35)
(10197,12,18,24,30,29,35,34)
(10198,8,14,15,21,27)
(10199,10,16,22,28,34,35)
(10200,23,22,16,15,14,13,7,1)
(10201,20,14,8,2)
(10202,26,20,14,8)
(10203,1,7,8,14,15,16,17,18,24)
(10204,3,9,15,21)
(10205,32,26,20,14)
(10206,31,32,33,27,21,15,16,17,18,12)
(10207,36,30,24,18,12,6,5,4)
(10208,26,20,14,8)
(10209,3,9,15,21,27,33,32,31)
(10210,7,8,14,15,21,27,33,34)
(10211,28,22,16,17,18,12,6)
(10212,5,6,12,18,24)
(10213,1,7,8,14,15,21,27,33)
(10214,24,18,17,16,15,9,3,2)
(10215,5,4,10,16,15,21,27,33,32)
(10216,6,5,4,10,16,15,14,20,26)
(10217,11,17,16,15,21,27,33,32,31)
(10218,29,23,22,16,15,14,13,7)
(10219,6,5,4,10,16,15,21,27,33,32,31)
(10220,11,12,18,24,30,36)
(10221,32,26,20,14,13,7)
(10222,1,7,8,14,15,16,17,18,24,30)
(10223,30,24,18,17,16,15,9,3)
(10224,27,21,15,9)
(10225,14,15,21,27,33)
(10226,14,20,26,32)
(10227,9,15,21,27,33,34,35)
(10228,32,33,27,21,15,16,10,4,5)
(10229,32,26,20,14,13,7,1)
(10230,14,15,21,27,33)
(10231,19,13,7,1)
(10232,29,30,24,18,12,6)
(10233,31,25,19,13,7)
(10234,4,5,6,12,18,24)
(10235,14,15,21,27,33)
(10236,21,15,14,13,7,1)
(10237,29,23,22,16,15,14,8)
(10238,5,11,17,23)
(10239,12,18,24,30)
(10240,1,7,8,14,15,16,22,23)
(10241,4,10,16,15,21,27,33,32)
(10242,19,13,7,1)
(10243,14,15,21,27,33)
(10244,11,17,16,15,21,27,33,32)
(10245,32,33,27,21,15,16,10,4)
(10246,17,23,29,35)
(10247,30,24,18,17,16,10)
(10248,4,10,16,15,21,27)
(10249,10,16,17,18,24,30)
(10250,31,32,33,27,21,15,16,17,18,12)
(10251,30,24,18,17,16,15,9)
(10252,10,16,17,18,24,30,36)
(10253,36,30,24,18,17,16,15,14)
(10254,34,28,22,16,15,14,13)
(10255,17,23,29,35)
(10256,21,15,9,3,2)
(10257,21,15,14,13,7,1)
(10258,26,20,14,15,9,3)
(10259,19,13,7,1)
(10260,31,32,33,27,21,15,16,10)
(10261,12,18,17,16,15,21,27,33,32,31)
(10262,12,18,24,30,29,35)
(10263,28,22,16,15,14,13,7)
(10264,36,30,24,18,12,6,5,4)
(10265,16,17,18,24,30,36)
(10266,13,14,20,26,32)
(10267,33,27,21,15,9)
(10268,4,10,16,22,28,34)
(10269,24,18,12,6,5,4)
(10270,25,19,13,14,8,2)
(10271,9,15,21,27,33,32)
(10272,32,26,20,14,13,7)
(10273,19,13,7,1)
(10274,33,27,21,15,14,13)
(10275,33,27,21,15,9,3)
(10276,9,15,21,27)
(10277,3,9,15,16,17,18,24)
(10278,17,18,24,30,36)
(10279,28,22,16,15,9)
(10280,16,22,28,34,35)
(10281,11,17,23,29)
(10282,30,24,18,12,6)
(10283,13,14,20,26,32)
(10284,1,7,8,14,15,21)
(10285,36,30,24,18)
(10286,26,20,14,8)
(10287,23,22,16,10,4,5)
(10288,1,7,8,14,15,16,17,18,24,30)
(10289,16,17,18,24,30,36)
(10290,2,3,9,15,21,27,33,34,35)
(10291,8,14,15,21,27,33)
(10292,36,30,24,18,17,16,15,9)
(10293,16,22,28,34,35)
(10294,18,24,30,36)
(10295,27,21,15,16,17,18,12,6)
(10296,25,19,13,14,15,16,10,4)
(10297,32,33,27,21,15,16,10,11)
(10298,36,30,24,18,12,6)
(10299,31,32,33,27,21,15,9,3)
(10300,15,16,17,18,24,30,36)
(10301,31,25,19,13,7)
(10302,27,21,15,16,10,4,5)
(10303,23,22,16,15,9,3)
(10304,22,16,10,4)
(10305,4,10,16,15,21,27,33,32,31)
(10306,29,30,24,18,12,6)
(10307,29,23,22,16,10,4)
(10308,24,18,17,16,15,14,13,7,1)
(10309,3,9,15,21,27)
(10310,14,20,26,32)
(10311,10,16,22,28)
(10312,17,18,24,30,36)
(10313,26,20,14,15,16,17,18,12,6)
(10314,28,22,16,15,9,3)
(10315,28,22,16,15,14,13,7,1)
(10316,16,17,18,24,30,36)
(10317,35,34,28,22,16,15,9,3)
(10318,31,32,33,27,21,15,16,10,4)
(10319,26,20,14,15,16,17,18,12,6)
(10320,27,21,15,16,10,4,5)
(10321,26,20,14,8)
(10322,3,9,15,14,20,26)
(10323,23,22,16,15,14,13,7,1)
(10324,1,7,8,14,15,16,17,18,24,30,36)
(10325,33,27,21,15,14,13,7)
(10326,33,27,21,15,16,17,18,12,6)
(10327,33,27,21,15,14,13,7,1)
(10328,26,20,14,15,16,10,4,5)
(10329,3,9,15,16,17,18,24,30)
(10330,7,8,14,15,21,27,33,34,35)
(10331,4,10,16,22,28,34)
(10332,27,21,15,9,3)
(10333,17,18,24,30,36)
(10334,12,18,24,30)
(10335,28,22,16,15,14,13,7)
(10336,8,14,15,21,27)
(10337,36,30,24,18)
(10338,12,18,17,16,15,21,27,33)
(10339,35,34,28,22,16,15,14)
(10340,36,30,24,18,17,16,15,14,13,7,1)
(10341,16,22,28,34)
(10342,30,24,18,12,6,5)
(10343,13,14,15,21,27,33,34)
(10344,11,12,18,24,30,36)
(10345,3,9,15,21,27,33,34,35)
(10346,3,9,15,21,27,33,34)
(10347,3,9,15,16,17,18,24,30)
(10348,20,14,8,2)
(10349,24,18,17,16,15,9,3,2)
(10350,2,8,14,20,26,32)
(10351,13,14,15,21,27,33)
(10352,25,19,13,14,15,16,10,4,5)
(10353,12,18,17,16,15,21,27,33,32)
(10354,34,28,22,16,10)
(10355,36,30,24,18,17,16)
(10356,26,20,14,15,9,3)
(10357,3,9,15,16,17,18,24,30)
(10358,27,21,15,14,13,7)
(10359,3,9,15,21,27,33,32,31)
(10360,25,19,13,14,15,16,10,4,5)
(10361,8,14,15,21,27,33,34,35)
(10362,28,22,16,10,4)
(10363,30,24,18,12,6,5)
(10364,9,15,21,27)
(10365,21,15,9,3,2)
(10366,19,13,7,1)
(10367,1,7,8,14,15,21,27,33,34,35)
(10368,14,15,21,27,33)
(10369,2,3,9,15,16,22,23)
(10370,8,14,15,21,27,33,34,35)
(10371,4,5,6,12,18,24,30,36)
(10372,4,10,16,15,21,27)
(10373,10,16,15,21,27,33)
(10374,21,15,9,3)
(10375,5,4,10,16,15,21,27)
(10376,14,20,26,32)
(10377,19,13,7,1)
(10378,5,4,10,16,15,21,27)
(10379,23,22,16,10,4,5)
(10380,11,17,23,29,35)
(10381,10,16,22,28,34,35)
(10382,31,25,19,13,7,1)
(10383,2,8,14,20,26,32,31)
(10384,14,15,21,27,33)
(10385,4,5,6,12,18,24,30)
(10386,9,15,16,22,23,29)
(10387,26,20,14,15,16,10,4)
(10388,19,13,7,1)
(10389,33,27,21,15)
(10390,7,8,14,15,21,27,33,34,35)
(10391,7,8,14,15,16,17,18,24,30)
(10392,15,21,27,33)
(10393,16,17,18,24,30,36)
(10394,18,24,30,36)
(10395,11,12,18,24,30,36)
(10396,2,8,14,20,26,32)
(10397,13,14,15,16,17,18,24,30,36)
(10398,23,22,16,10,4)
(10399,19,13,7,1)
(10400,14,20,26,32)
(10401,35,34,28,22,16,15)
(10402,5,4,10,16,15,21,27,33,32,31)
(10403,24,18,12,6,5)
(10404,23,22,16,15,9,3)
(10405,36,30,24,18,12,11)
(10406,30,24,18,12)
(10407,33,27,21,15,16,10)
(10408,27,21,15,9,3)
(10409,36,30,24,18,17,16,15,9,3)
(10410,26,20,14,15,16,10,4,5)
(10411,6,5,4,10,16,15,21,27,33,32)
(10412,2,3,9,15,21,27,33)
(10413,17,18,24,30,36)
(10414,8,14,15,21,27)
(10415,22,16,10,4)
(10416,35,34,28,22,16,15,14)
(10417,33,27,21,15,9,3)
(10418,28,22,16,15,14,13,7,1)
(10419,26,20,14,15,16,10,4)
(10420,5,4,10,16,15,21,27,33,32,31)
(10421,1,7,8,14,15,21)
(10422,9,15,21,27,33,32)
(10423,8,14,15,16,22,28)
(10424,1,7,8,14,15,21,27,33,34,35)
(10425,3,9,15,16,17,18,24,30,36)
(10426,9,15,21,27,33,32)
(10427,7,8,14,15,16,17,18,24,30)
(10428,30,24,18,12,11)
(10429,36,30,24,18,17,16,15,14)
(10430,1,7,13,19,25)
(10431,16,22,28,34,35)
(10432,9,15,21,27)
(10433,22,16,15,9,3,2)
(10434,36,30,24,18,17,16,15,9)
(10435,29,23,22,16,15,14,13,7)
(10436,31,32,26,20,14,8)
(10437,13,14,15,21,27,33)
(10438,20,14,13,7,1)
(10439,35,29,30,24,18,12,6)
(10440,13,14,15,16,17,18,24,30,36)
(10441,19,13,7,1)
(10442,16,22,28,34)
(10443,26,20,14,13,7)
(10444,28,22,16,10,4,5)
(10445,8,14,20,26,32)
(10446,29,23,22,16,15,14,8)
(10447,20,14,13,7,1)
(10448,32,33,27,21,15,9)
(10449,5,6,12,18,24,30,29,35)
(10450,14,15,21,27,33,34,35)
(10451,32,26,20,14,13)
(10452,9,15,21,27,33,32,31)
(10453,29,23,22,16,15,14,13,7)
(10454,31,32,26,20,14,8,2)
(10455,8,14,15,16,22,23,29)
(10456,29,23,22,16,15,14,8)
(10457,3,9,15,16,22)
(10458,24,18,17,16,15,9,3)
(10459,35,29,30,24,18,12,6,5)
(10460,15,21,27,33,34)
(10461,36,30,24,18,12,6)
(10462,20,14,8,2)
(10463,19,13,7,1)
(10464,27,21,15,9)
(10465,13,19,25,31)
(10466,11,12,18,24,30)
(10467,21,15,9,3,2)
(10468,10,16,22,28,34)
(10469,12,18,24,30,29,35,34)
(10470,22,16,15,9,3)
(10471,25,19,13,7,1)
(10472,24,18,17,16,15,9,3,2)
(10473,20,14,8,2)
(10474,21,15,14,13,7,1)
(10475,30,24,18,17,16,15,9,3,2)
(10476,13,14,15,16,17,18,24,30,36)
(10477,12,18,17,16,15,21,27,33,32)
(10478,11,17,23,29)
(10479,28,22,16,15,14,13,7,1)
(10480,29,30,24,18,12,6)
(10481,20,14,8,2)
(10482,22,16,15,9,3,2)
(10483,10,16,17,18,24,30)
(10484,30,24,18,17,16,15,9,3,2)
(10485,5,4,10,16,15,21,27)
(10486,35,29,30,24,18,12,6)
(10487,10,16,22,28,34,35)
(10488,31,25,19,13,7,1)
(10489,28,22,16,15,14,13,7,1)
(10490,29,30,24,18,12,11)
(10491,2,8,14,20,26,32,31)
(10492,10,16,22,28)
(10493,1,7,8,14,15,16,17,18,24)
(10494,5,4,10,16,15,21,27,33)
(10495,13,14,15,21,27,33)
(10496,12,18,24,30,36)
(10497,26,20,14,13,7)
(10498,10,16,22,28)
(10499,6,12,18,24,30,29,35)
(10500,6,5,4,10,16,15,21,27,33,32,31)
(10501,24,18,12,6)
(10502,16,22,28,34,35)
(10503,2,8,14,20,26,32)
(10504,6,5,4,10,16,22,28)
(10505,4,10,16,15,21,27,33,32)
(10506,31,32,33,27,21,15,16,10,4,5)
(10507,22,16,15,9,3,2)
(10508,17,23,29,35)
(10509,13,14,15,21,27,33,34,35)
(10510,25,19,13,14,15,9,3)
(10511,6,5,4,10,16,15,21,27)
(10512,9,15,16,17,18,24,30,36)
(10513,20,14,13,7,1)
(10514,17,23,29,35)
(10515,20,14,13,7,1)
(10516,2,3,9,15,16,17,18,24,30,36)
(10517,31,32,33,27,21,15,16,17,18,12)
(10518,15,21,27,33,34)
(10519,31,32,33,27,21,15,16,17,18,12,6)
(10520,24,18,17,16,15,14,13,7,1)
(10521,23,22,16,10,4,5)
(10522,21,15,9,3,2)
(10523,4,10,16,22,23,29)
(10524,28,22,16,15,9,3,2)
(10525,30,24,18,17,16,15,14,8)
(10526,16,22,28,34)
(10527,33,27,21,15,16,17,18,12,6)
(10528,16,22,28,34,35)
(10529,16,22,28,34)
(10530,25,19,13,14,15,16,17,18,12,6)
(10531,19,13,7,1)
(10532,20,14,8,2)
(10533,2,8,14,13,19,25)
(10534,19,13,7,1)
(10535,17,18,24,30,36)
(10536,13,14,15,21,27,33)
(10537,29,23,22,16,15,14,13,7)
(10538,19,13,7,1)
(10539,2,3,9,15,16,22,23)
(10540,6,5,4,10,16,15,21,27,33)
(10541,27,21,15,14,13,7)
(10542,35,29,30,24,18,12,11)
(10543,26,20,14,15,16,10,4,5)
(10544,18,24,30,36)
(10545,29,23,22,16,15,9,3)
(10546,21,15,9,3,2)
(10547,23,22,16,10,4,5)
(10548,1,7,8,14,15,21,27,33,34,35)
(10549,26,20,14,15,16,17,18,12,6)
(10550,8,14,15,21,27,33,34,35)
(10551,22,16,10,4)
(10552,2,3,9,15,21,27)
(10553,25,19,13,14,8,2)
(10554,25,19,13,14,8,2)
(10555,4,5,6,12,18,24,30)
(10556,11,12,18,24,30)
(10557,7,8,14,15,16,17,18,24,30,36)
(10558,14,20,26,32)
(10559,12,18,17,16,15,21,27,33)
(10560,4,10,16,22,28,34)
(10561,28,22,16,17,18,12,6)
(10562,23,22,16,15,9,3)
(10563,13,14,15,21,27,33,34)
(10564,32,26,20,14)
(10565,26,20,14,8,2)
(10566,15,16,17,18,24,30,36)
(10567,9,15,21,27,33,32,31)
(10568,34,35,29,30,24,18,12,6)
(10569,4,10,16,15,21,27,33,32)
(10570,28,22,16,10,4)
(10571,12,18,17,16,15,21,27,33,32,31)
(10572,13,14,20,26,32)
(10573,17,18,24,30,36)
(10574,28,22,16,15,9,3,2)
(10575,31,32,33,27,21,15,16,10)
(10576,25,19,13,14,15,16,10,4)
(10577,19,13,7,1)
(10578,36,30,24,18,17,16,15,14,8)
(10579,16,22,28,34,35)
(10580,29,23,22,16,15,9,3,2)
(10581,17,18,24,30,36)
(10582,18,24,30,36)
(10583,36,30,24,18,17,16,15,14)
(10584,20,14,8,2)
(10585,27,21,15,14,13,7,1)
(10586,27,21,15,16,10,4,5)
(10587,31,25,19,13,7,1)
(10588,3,9,15,21,27,33,32,31)
(10589,22,16,10,4)
(10590,2,3,9,15,16,22,28)
(10591,17,18,24,30,36)
(10592,19,13,7,1)
(10593,2,3,9,15,21)
(10594,14,15,21,27,33,34,35)
(10595,18,24,30,36)
(10596,11,17,16,22,28,34)
(10597,18,24,30,36)
(10598,13,14,20,26,32)
(10599,3,9,15,16,17,18,24)
(10600,12,18,17,16,15,21,27,33,32)
(10601,25,19,13,7,1)
(10602,1,7,13,19,25,31)
(10603,15,21,27,33,34,35)
(10604,6,12,18,24,30,29)
(10605,32,33,27,21,15,16,17,18,12,6)
(10606,9,15,16,17,18,24,30)
(10607,11,12,18,24,30,36)
(10608,10,16,22,28,34,35)
(10609,26,20,14,15,9,3)
(10610,24,18,17,16,15,14,13,7,1)
(10611,19,13,7,1)
(10612,10,16,22,28,34,35)
(10613,16,22,28,34)
(10614,29,30,24,18,12,6,5)
(10615,9,15,16,22,23,29)
(10616,12,18,17,16,15,21,27,33)
(10617,20,14,13,7,1)
(10618,35,34,28,22,16,15,14,13,7,1)
(10619,10,16,22,28)
(10620,8,14,15,21,27,33)
(10621,31,25,19,13)
(10622,3,9,15,16,22,23)
(10623,12,18,17,16,15,21,27,33,32,31)
(10624,34,28,22,16,15,14,8)
(10625,8,14,20,26,32)
(10626,11,17,23,29)
(10627,30,24,18,17,16,15,9)
(10628,5,4,10,16,15,21,27)
(10629,9,15,16,17,18,24,30,36)
(10630,25,19,13,14,15,16,17,18,12,6)
(10631,8,14,20,26,32,31)
(10632,7,8,14,20,26)
(10633,1,7,8,14,15,21,27,33,34)
(10634,17,23,29,35)
(10635,17,18,24,30,36)
(10636,8,14,15,16,17,18,24,30)
(10637,16,22,28,34)
(10638,27,21,15,9,3,2)
(10639,21,15,14,13,7,1)
(10640,10,16,22,23,29)
(10641,28,22,16,15,14,13,7)
(10642,34,28,22,16,15,9,3,2)
(10643,5,4,10,16,22,28,34)
(10644,23,22,16,10,4)
(10645,31,32,33,27,21,15,16,17,18,12)
(10646,33,27,21,15,16,17,18,12,6)
(10647,5,6,12,18,24,30)
(10648,26,20,14,15,16,17,18,12,6)
(10649,1,7,8,14,15,21)
(10650,10,16,22,28,34,35)
(10651,13,14,15,21,27,33,34,35)
(10652,5,4,10,16,22,28)
(10653,5,4,10,16,15,21,27,33,32,31)
(10654,20,14,13,7,1)
(10655,30,24,18,17,16,15,14,13,7,1)
(10656,26,20,14,8)
(10657,12,18,24,30,29,35)
(10658,12,18,17,16,15,21,27,33,32)
(10659,5,4,10,16,22,28,34)
(10660,27,21,15,14,13,7,1)
(10661,35,34,28,22,16,15,14,13)
(10662,24,18,17,16,15,14,13,7,1)
(10663,18,24,30,36)
(10664,4,10,16,22,28)
(10665,9,15,16,17,18,24,30)
(10666,15,16,17,18,24,30,36)
(10667,22,16,15,9,3,2)
(10668,11,17,16,15,21,27,33,32,31)
(10669,35,29,30,24,18,12,6,5)
(10670,2,3,9,15,16,22)
(10671,2,3,9,15,16,17,18,24,30,36)
(10672,8,14,20,26,32,31)
(10673,14,15,21,27,33,34,35)
(10674,31,32,33,27,21,15,9)
(10675,16,22,28,34,35)
(10676,15,16,17,18,24,30,36)
(10677,17,18,24,30,36)
(10678,10,16,17,18,24,30)
(10679,3,9,15,14,20,26)
(10680,4,10,16,22,28)
(10681,10,16,22,23,29)
(10682,29,23,22,16,15,9)
(10683,3,9,15,16,17,18,24,30)
(10684,30,24,18,17,16,15,14,13,7,1)
(10685,7,8,14,15,21,27,33,34,35)
(10686,23,22,16,10,4)
(10687,23,22,16,10,4)
(10688,5,11,17,23)
(10689,1,7,13,19)
(10690,31,32,33,27,21,15,16,17,18,12)
(10691,28,22,16,15,9,3)
(10692,22,16,15,9,3)
(10693,29,30,24,18,12,6)
(10694,3,9,15,21)
(10695,36,30,24,18,17,16,15,14,8)
(10696,18,24,30,36)
(10697,27,21,15,16,17,18,12,6)
(10698,30,24,18,12,11)
(10699,8,14,15,21,27,33,34)
(10700,14,20,26,32)
(10701,8,14,15,21,27,33,34)
(10702,1,7,8,14,15,16,22)
(10703,31,32,26,20,14,8,2)
(10704,20,14,8,2)
(10705,14,15,21,27,33)
(10706,30,24,18,12,6,5,4)
(10707,24,18,17,16,15,9,3,2)
(10708,16,22,28,34)
(10709,2,3,9,15,21)
(10710,29,23,22,16,15,9,3,2)
(10711,11,12,18,24,30)
(10712,16,22,28,34)
(10713,19,13,7,1)
(10714,22,16,10,4)
(10715,35,34,28,22,16,15,14,8)
(10716,30,24,18,17,16,15,14,13,7)
(10717,30,24,18,12)
(10718,3,9,15,16,22)
(10719,10,16,22,23,29)
(10720,36,30,24,18,12,6,5,4)
(10721,26,20,14,15,16,10,4,5)
(10722,36,30,24,18,12,6)
(10723,14,15,21,27,33,34,35)
(10724,30,24,18,17,16,15,14,13,7,1)
(10725,15,21,27,33)
(10726,8,14,20,26,32,31)
(10727,31,32,33,27,21,15,9)
(10728,2,3,9,15,16,17,18,24,30,36)
(10729,2,8,14,13,19,25)
(10730,25,19,13,14,15,16,10,4)
(10731,18,24,30,36)
(10732,4,10,16,22,23,29)
(10733,35,29,30,24,18,12,6,5)
(10734,7,8,14,15,16,17,18,24,30,36)
(10735,21,15,9,3,2)
(10736,2,3,9,15,16,22,23,29)
(10737,2,8,14,20)
(10738,28,22,16,15,9)
(10739,17,18,24,30,36)
(10740,26,20,14,13,7,1)
(10741,9,15,21,27)
(10742,16,22,28,34,35)
(10743,18,24,30,36)
(10744,14,15,16,17,18,24,30,36)
(10745,7,8,14,15,16,17,18,24,30)
(10746,29,23,22,16,15,14,8)
(10747,7,8,14,15,21,27,33,34)
(10748,7,8,14,15,21,27,33)
(10749,8,14,20,26,32)
(10750,23,22,16,15,9,3,2)
(10751,11,17,16,15,21,27,33,32,31)
(10752,1,7,8,14,15,21,27,33,34)
(10753,13,14,15,21,27,33,34,35)
(10754,10,16,17,18,24,30,36)
(10755,22,16,15,9,3,2)
(10756,3,9,15,21,27,33,32)
(10757,20,14,8,2)
(10758,36,30,24,18,17,16,15,14,13,7)
(10759,10,16,17,18,24,30,36)
(10760,18,24,30,36)
(10761,8,14,15,21,27)
(10762,35,29,23,17)
(10763,4,5,6,12,18,24,30,36)
(10764,4,5,6,12,18,24,30,36)
(10765,23,22,16,10,4,5)
(10766,8,14,15,21,27,33)
(10767,19,13,7,1)
(10768,20,14,8,2)
(10769,7,13,19,25,31)
(10770,10,16,15,21,27,33,32)
(10771,36,30,24,18,12,6,5,4)
(10772,8,14,20,26)
(10773,14,15,21,27,33)
(10774,10,16,15,21,27,33)
(10775,1,7,8,14,15,16,22,28)
(10776,9,15,16,17,18,24,30)
(10777,21,15,14,13,7,1)
(10778,16,22,28,34)
(10779,27,21,15,16,17,18,12,6)
(10780,7,8,14,20,26)
(10781,18,24,30,36)
(10782,32,33,27,21,15,16,10)
(10783,16,22,28,34,35)
(10784,29,30,24,18,12,6,5)
(10785,17,23,29,35)
(10786,18,24,30,36)
(10787,6,5,4,10,16,15,14,20,26)
(10788,27,21,15,9)
(10789,8,14,20,26)
(10790,23,22,16,10,4)
(10791,26,20,14,15,16,10,4,5)
(10792,10,16,22,23,29)
(10793,18,24,30,36)
(10794,36,30,24,18,17,16,15,9)
(10795,9,15,21,27,33,32)
(10796,35,34,28,22,16,15,14,13,7,1)
(10797,15,21,27,33,34,35)
(10798,18,24,30,36)
(10799,15,21,27,33)
(10800,25,19,13,14,15,16,17,18,12,6)
(10801,30,24,18,17,16,15,14,8)
(10802,28,22,16,15,9,3,2)
(10803,23,22,16,15,9,3)
(10804,26,20,14,15,16,10,4,5)
(10805,25,19,13,7)
(10806,27,21,15,9,3)
(10807,32,33,27,21,15,16,10)
(10808,33,27,21,15,14,13,7,1)
(10809,23,22,16,15,9,3,2)
(10810,8,14,15,21,27,33)
(10811,26,20,14,13,7)
(10812,32,33,27,21,15,9)
(10813,15,16,17,18,24,30,36)
(10814,5,4,10,16,22,28,34)
(10815,2,8,14,20,26,32,31)
(10816,1,7,8,14,15,16,17,18,24,30)
(10817,36,30,24,18,12,11)
(10818,7,13,19,25,31)
(10819,1,7,8,14,20,26)
(10820,7,8,14,15,21,27,33,34,35)
(10821,24,18,17,16,15,9,3)
(10822,36,30,24,18,17,16,15,9,3)
(10823,32,33,27,21,15,16,10,4)
(10824,22,16,10,4)
(10825,29,23,22,16,15,9,3,2)
(10826,6,12,18,24,30,29,35,34)
(10827,16,22,28,34)
(10828,28,22,16,15,9,3)
(10829,3,9,15,21,27,33,32)
(10830,14,15,21,27,33,34)
(10831,6,5,4,10,16,15,21,27)
(10832,31,32,33,27,21,15,16,17,18,12,6)
(10833,15,16,17,18,24,30,36)
(10834,34,35,29,30,24,18,12)
(10835,28,22,16,15,14,8)
(10836,3,9,15,16,17,18,24)
(10837,16,17,18,24,30,36)
(10838,1,7,8,14,15,21,27,33,34,35)
(10839,36,30,24,18,17)
(10840,18,24,30,36)
(10841,16,22,28,34)
(10842,7,13,19,25,31)
(10843,3,9,15,14,13,19,25)
(10844,28,22,16,17,18,12,6)
(10845,21,15,9,3,2)
(10846,11,12,18,24,30,36)
(10847,1,7,13,19,25)
(10848,7,8,14,15,21,27,33,34)
(10849,25,19,13,7,1)
(10850,11,12,18,24,30)
(10851,10,16,15,21,27,33,32)
(10852,27,21,15,9,3,2)
(10853,22,16,10,4)
(10854,20,14,8,2)
(10855,12,18,24,30,29,35,34)
(10856,10,16,15,21,27,33,32,31)
(10857,10,16,22,28,34,35)
(10858,9,15,16,22,23,29)
(10859,6,12,18,24)
(10860,21,15,9,3,2)
(10861,16,17,18,24,30,36)
(10862,3,9,15,21,27,33,34)
(10863,25,19,13,7,1)
(10864,8,14,15,21,27,33)
(10865,35,34,28,22,16,15,14,13,7)
(10866,24,18,12,6,5)
(10867,7,8,14,15,16,17,18,24,30)
(10868,16,17,18,24,30,36)
(10869,15,21,27,33,34)
(10870,32,26,20,14)
(10871,8,14,15,16,22,28)
(10872,16,17,18,24,30,36)
(10873,22,16,15,9,3,2)
(10874,22,16,15,9,3)
(10875,14,15,16,17,18,24,30,36)
(10876,19,13,7,1)
(10877,26,20,14,13,7,1)
(10878,6,5,4,10,16,15,21,27,33,32)
(10879,16,22,28,34,35)
(10880,17,23,29,35)
(10881,8,14,15,21,27,33,34)
(10882,6,5,4,10,16,15,21,27,33)
(10883,21,15,9,3,2)
(10884,3,9,15,21,27)
(10885,31,32,33,27,21,15,16,10,11)
(10886,35,34,28,22,16,15,9)
(10887,36,30,24,18,12)
(10888,27,21,15,16,10,4,5)
(10889,23,22,16,15,14,13,7,1)
(10890,15,21,27,33,34)
(10891,19,13,7,1)
(10892,22,16,15,9,3,2)
(10893,34,28,22,16,15,9,3)
(10894,26,20,14,13,7)
(10895,27,21,15,9)
(10896,1,7,13,19)
(10897,21,15,9,3)
(10898,8,14,15,21,27,33,34,35)
(10899,2,8,14,20)
(10900,10,16,15,21,27,33,32)
(10901,21,15,9,3)
(10902,30,24,18,12,6,5)
(10903,1,7,8,14,15,16,22,23,29)
(10904,7,8,14,20,26,32)
(10905,11,17,16,15,21,27,33,32)
(10906,5,4,10,16,15,14,20,26)
(10907,21,15,9,3,2)
(10908,33,27,21,15,16,10)
(10909,23,22,16,15,9,3,2)
(10910,31,32,33,27,21,15,9,3)
(10911,1,7,8,14,15,16,17,18,24,30,36)
(10912,34,28,22,16,15,14,13,7,1)
(10913,20,14,13,7,1)
(10914,20,14,8,2)
(10915,5,4,10,16,22,28)
(10916,8,14,15,16,22,23,29)
(10917,10,16,17,18,24,30)
(10918,5,4,10,16,15,21,27)
(10919,22,16,15,14,13,7,1)
(10920,5,4,10,16,15,21,27,33,32)
(10921,31,32,33,27,21,15,16,10,4)
(10922,11,17,16,15,21,27,33,32)
(10923,5,4,10,16,15,21,27,33,32,31)
(10924,30,24,18,12,6,5)
(10925,15,21,27,33,34,35)
(10926,36,30,24,18)
(10927,25,19,13,14,15,16,10,4,5)
(10928,33,27,21,15,14,8)
(10929,2,8,14,20,26,32)
(10930,21,15,14,13,7,1)
(10931,19,13,7,1)
(10932,22,16,10,4)
(10933,25,19,13,14,15,9,3)
(10934,21,15,9,3)
(10935,20,14,8,2)
(10936,3,9,15,16,22)
(10937,26,20,14,13,7)
(10938,20,14,8,2)
(10939,32,33,27,21,15,16,10)
(10940,16,22,28,34,35)
(10941,14,15,21,27,33,34)
(10942,21,15,14,13,7,1)
(10943,4,10,16,22,28)
(10944,22,16,15,9,3,2)
(10945,22,16,15,14,13,7,1)
(10946,1,7,8,14,15,21,27,33,34,35)
(10947,21,15,9,3,2)
(10948,18,24,30,36)
(10949,24,18,12,6)
(10950,29,23,22,16,10)
(10951,32,33,27,21,15,9)
(10952,21,15,14,13,7,1)
(10953,31,25,19,13,7,1)
(10954,16,22,28,34)
(10955,10,16,22,23,29)
(10956,19,13,7,1)
(10957,6,5,4,10,16,15,21,27,33,32,31)
(10958,35,29,23,17)
(10959,3,9,15,21,27,33,32,31)
(10960,34,28,22,16,15)
(10961,29,30,24,18,12,6,5)
(10962,1,7,13,19)
(10963,27,21,15,14,13,7,1)
(10964,2,8,14,20,26,32)
(10965,15,21,27,33,34,35)
(10966,5,4,10,16,15,21,27,33,32,31)
(10967,4,10,16,22,23)
(10968,34,28,22,16,10,4,5)
(10969,33,27,21,15,14,13,7)
(10970,35,34,28,22,16,15,14,13)
(10971,11,17,23,29,35)
(10972,29,30,24,18,12,6)
(10973,29,30,24,18,12,11)
(10974,4,5,6,12,18,24)
(10975,26,20,14,15,16,10,4,5)
(10976,28,22,16,17,18,12,6)
(10977,10,16,22,28)
(10978,31,32,33,27,21,15,16,17,18,12,6)
(10979,36,30,24,18)
(10980,16,17,18,24,30,36)
(10981,1,7,8,14,20,26)
(10982,36,30,24,18,17,16)
(10983,3,9,15,21,27,33,32)
(10984,19,13,7,1)
(10985,4,10,16,15,21,27,33)
(10986,36,30,24,18,17,16,15,14,13,7,1)
(10987,30,24,18,12,11)
(10988,10,16,22,23,29)
(10989,10,16,22,28,34,35)
(10990,26,20,14,15,16,10,4,5)
(10991,26,20,14,15,16,17,18,12,6)
(10992,12,18,24,30,36)
(10993,28,22,16,15,14,13,7,1)
(10994,1,7,8,14,15,16,17,18,24,30,36)
(10995,20,14,13,7,1)
(10996,11,17,16,15,21,27,33)
(10997,8,14,15,16,17,18,24,30)
(10998,22,16,15,9,3,2)
(10999,12,18,17,16,15,21,27,33,32,31)
(11000,10,16,15,21,27,33,32)
(11001,33,27,21,15,16,10,11)
(11002,24,18,12,6)
(11003,1,7,8,14,20,26,32)
(11004,18,24,30,36)
(11005,10,16,15,21,27,33)
(11006,15,21,27,33)
(11007,13,19,25,31)
(11008,16,17,18,24,30,36)
(11009,14,15,21,27,33,34)
(11010,8,14,15,16,17,18,24,30,36)
(11011,24,18,12,6)
(11012,32,33,27,21,15,9)
(11013,16,22,28,34,35)
(11014,3,9,15,16,22)
(11015,10,16,15,21,27,33)
(11016,35,34,28,22,16)
(11017,35,34,28,22,16,15,9)
(11018,34,28,22,16,10,4,5)
(11019,11,12,18,24,30)
(11020,16,22,28,34)
(11021,34,28,22,16,15,9,3,2)
(11022,3,9,15,21,27,33,34,35)
(11023,10,16,22,28)
(11024,13,19,25,31)
(11025,27,21,15,14,8)
(11026,1,7,8,14,15,16,17,18,24,30)
(11027,15,21,27,33)
(11028,7,8,14,15,16,17,18,24,30,36)
(11029,23,22,16,10,4)
(11030,14,15,16,17,18,24,30,36)
(11031,34,28,22,16,15)
(11032,19,13,7,1)
(11033,26,20,14,13,7,1)
(11034,8,14,15,16,17,18,24,30,36)
(11035,3,9,15,21,27)
(11036,20,14,13,7,1)
(11037,15,21,27,33)
(11038,13,19,25,31)
(11039,14,15,21,27,33,34,35)
(11040,3,9,15,16,17,18,24,30)
(11041,10,16,22,28,34)
(11042,12,18,24,30,36)
(11043,12,18,24,30,29,35)
(11044,1,7,8,14,15,16,22,28)
(11045,36,30,24,18,17,16)
(11046,33,27,21,15,16,10,11)
(11047,12,18,24,30,36)
(11048,33,27,21,15,16,17,18,12,6)
(11049,4,10,16,22)
(11050,28,22,16,15,14,13,7,1)
(11051,20,14,13,7,1)
(11052,21,15,9,3)
(11053,14,15,21,27,33)
(11054,32,26,20,14)
(11055,35,34,28,22,16,10,4)
(11056,26,20,14,15,16,10,4)
(11057,30,24,18,12,11)
(11058,19,13,7,1)
(11059,34,28,22,16,15)
(11060,13,14,15,21,27,33,34,35)
(11061,28,22,16,17,18,12,6)
(11062,16,22,28,34)
(11063,24,18,12,6,5)
(11064,34,28,22,16,15,14,13)
(11065,19,13,7,1)
(11066,14,15,21,27,33,34,35)
(11067,27,21,15,14,13,7)
(11068,19,13,7,1)
(11069,2,3,9,15,21,27)
(11070,32,33,27,21,15,16,17,18,12,6)
(11071,8,14,15,21,27,33,34)
(11072,14,15,21,27,33,34)
(11073,31,32,33,27,21,15,16,10)
(11074,33,27,21,15,14,13,7,1)
(11075,36,30,24,18,17,16)
(11076,11,17,16,15,21,27,33,32)
(11077,17,23,29,35)
(11078,34,28,22,16,15,14,13,7)
(11079,27,21,15,14,13,7)
(11080,30,24,18,17,16,15,9,3,2)
(11081,21,15,9,3,2)
(11082,21,15,9,3)
(11083,4,10,16,15,14,20,26)
(11084,29,30,24,18,12,6)
(11085,33,27,21,15,9,3)
(11086,31,32,26,20,14,8)
(11087,27,21,15,9,3)
(11088,15,16,17,18,24,30,36)
(11089,33,27,21,15,16,17,18,12,6)
(11090,34,28,22,16,15,9,3,2)
(11091,23,22,16,15,9,3,2)
(11092,9,15,21,27)
(11093,18,24,30,36)
(11094,4,10,16,22,28,34)
(11095,16,22,28,34,35)
(11096,5,11,17,23)
(11097,7,8,14,15,16,17,18,24,30,36)
(11098,29,30,24,18,12,6)
(11099,31,25,19,13)
(11100,33,27,21,15,16,10,11)
(11101,24,18,12,6)
(11102,33,27,21,15,14,13,7)
(11103,28,22,16,17,18,12,6)
(11104,8,14,20,26)
(11105,28,22,16,15,9)
(11106,30,24,18,17,16,15,9,3,2)
(11107,33,27,21,15,16,10,4)
(11108,35,34,28,22,16,15,14)
(11109,16,22,28,34)
(11110,24,18,17,16,15,14,13,7,1)
(11111,20,14,13,7,1)
(11112,11,17,16,15,21,27,33,32)
(11113,27,21,15,16,10,4,5)
(11114,22,16,15,14,13,7,1)
(11115,12,18,17,16,15,21,27,33,32)
(11116,8,14,15,21,27)
(11117,20,14,13,7,1)
(11118,26,20,14,13,7)
(11119,12,18,24,30,36)
(11120,34,28,22,16,15,14,8)
(11121,26,20,14,15,9,3)
(11122,19,13,7,1)
(11123,16,22,28,34)
(11124,27,21,15,9,3,2)
(11125,18,24,30,36)
(11126,17,18,24,30,36)
(11127,23,22,16,15,14,13,7,1)
(11128,14,20,26,32)
(11129,19,13,7,1)
(11130,12,18,17,16,15,21,27,33,32,31)
(11131,27,21,15,14,13,7,1)
(11132,21,15,9,3,2)
(11133,21,15,14,13,7,1)
(11134,33,27,21,15,14)
(11135,8,14,20,26)
(11136,34,28,22,16,10,4,5)
(11137,1,7,8,14,15,16,22,23,29)
(11138,23,22,16,15,9,3,2)
(11139,28,22,16,15,14,13,7,1)
(11140,25,19,13,7)
(11141,29,23,22,16,15,14,13,7,1)
(11142,28,22,16,15,9,3)
(11143,16,17,18,24,30,36)
(11144,10,16,17,18,24,30)
(11145,15,21,27,33,34)
(11146,2,3,9,15,16,22,28)
(11147,5,6,12,18,24,30,29)
(11148,8,14,20,26,32)
(11149,33,27,21,15,14,13,7)
(11150,4,10,16,22,28,34)
(11151,31,25,19,13)
(11152,20,14,8,2)
(11153,16,22,28,34)
(11154,12,18,24,30,36)
(11155,31,25,19,13)
(11156,17,23,29,35)
(11157,12,18,17,16,15,21,27,33)
(11158,9,15,21,27,33,32,31)
(11159,3,9,15,21)
(11160,5,6,12,18,24,30,36)
(11161,32,33,27,21,15,16,17,18,12)
(11162,3,9,15,21)
(11163,8,14,15,16,17,18,24,30)
(11164,5,4,10,16,15,14,20,26)
(11165,31,32,33,27,21,15,16,17,18,12)
(11166,21,15,14,13,7,1)
(11167,1,7,8,14,15,16,17,18,24)
(11168,16,17,18,24,30,36)
(11169,17,23,29,35)
(11170,6,12,18,24,30,29)
(11171,29,23,22,16,15,14,13,7)
(11172,14,20,26,32)
(11173,21,15,9,3,2)
(11174,13,14,15,21,27,33,34,35)
(11175,24,18,12,6,5)
(11176,7,13,19,25)
(11177,36,30,24,18,17,16,15,14,13,7,1)
(11178,16,17,18,24,30,36)
(11179,3,9,15,21)
(11180,4,10,16,15,21,27)
(11181,4,10,16,15,21,27,33,32)
(11182,25,19,13,7)
(11183,30,24,18,17,16,10)
(11184,7,8,14,15,21,27,33,34)
(11185,7,8,14,15,21,27,33,34)
(11186,22,16,15,9,3)
(11187,20,14,13,7,1)
(11188,2,3,9,15,16,17,18,24,30)
(11189,7,8,14,15,16,22,28)
(11190,31,32,33,27,21,15,16,17,18,12)
(11191,1,7,13,19,25,31)
(11192,21,15,9,3,2)
(11193,1,7,13,19)
(11194,5,4,10,16,15,21,27)
(11195,28,22,16,15,14,13,7,1)
(11196,11,12,18,24,30,36)
(11197,11,17,16,15,21,27,33,32,31)
(11198,11,17,16,22,28,34)
(11199,17,18,24,30,36)
(11200,12,18,24,30,36)
(11201,23,22,16,15,9,3)
(11202,10,16,22,23,29)
(11203,14,15,21,27,33,34,35)
(11204,26,20,14,15,16,10,4,5)
(11205,17,18,24,30,36)
(11206,3,9,15,21,27,33,32)
(11207,5,4,10,16,22,28)
(11208,30,24,18,17,16,15,14,13,7)
(11209,1,7,8,14,15,16,17,18,24,30,36)
(11210,6,12,18,24,30)
(11211,27,21,15,16,10,4)
(11212,21,15,14,13,7,1)
(11213,17,18,24,30,36)
(11214,7,8,14,15,16,22,28)
(11215,28,22,16,15,14,13,7)
(11216,12,18,24,30,36)
(11217,28,22,16,15,14,8)
(11218,8,14,15,16,22,28)
(11219,28,22,16,10,4,5)
(11220,35,29,30,24,18,12)
(11221,14,15,16,17,18,24,30,36)
(11222,7,8,14,15,16,22,28)
(11223,18,24,30,36)
(11224,34,28,22,16,15,14,13)
(11225,20,14,13,7,1)
(11226,36,30,24,18,17,16,15,14,13,7,1)
(11227,32,33,27,21,15,16,10,4,5)
(11228,18,24,30,36)
(11229,14,15,21,27,33,34)
(11230,24,18,17,16,15,9,3)
(11231,17,18,24,30,36)
(11232,10,16,22,23,29)
(11233,31,32,33,27,21,15,16,10,4)
(11234,12,18,24,30,29,35)
(11235,31,32,33,27,21,15,16,10,4,5)
(11236,23,22,16,10,4,5)
(11237,15,21,27,33,34,35)
(11238,19,13,7,1)
(11239,25,19,13,14,15,16,10,4,5)
(11240,22,16,15,14,13,7,1)
(11241,12,18,17,16,15,21,27,33,32)
(11242,12,18,24,30,29,35)
(11243,3,9,15,14,20,26)
(11244,18,24,30,36)
(11245,14,20,26,32)
(11246,24,18,17,16,15,9,3,2)
(11247,3,9,15,21,27)
(11248,35,29,23,17)
(11249,11,12,18,24,30)
(11250,17,18,24,30,36)
(11251,3,9,15,21,27,33,34,35)
(11252,11,17,16,15,21,27,33)
(11253,2,3,9,15,21,27)
(11254,1,7,8,14,15,21,27)
(11255,2,3,9,15,21)
(11256,9,15,21,27,33,34,35)
(11257,3,9,15,21,27,33)
(11258,15,16,17,18,24,30,36)
(11259,34,28,22,16,15,14,13,7)
(11260,8,14,15,16,22,23,29)
(11261,31,32,33,27,21,15,16,10,4,5)
(11262,4,10,16,22,28,34,35)
(11263,33,27,21,15,16,10,11)
(11264,25,19,13,14,8,2)
(11265,16,22,28,34)
(11266,35,34,28,22,16,10,4)
(11267,17,23,29,35)
(11268,36,30,24,18,17,16,15,14,13)
(11269,16,17,18,24,30,36)
(11270,16,17,18,24,30,36)
(11271,27,21,15,9,3,2)
(11272,31,32,33,27,21,15,9)
(11273,36,30,24,18,17,16)
(11274,6,5,4,10,16,15,21,27,33,32)
(11275,25,19,13,14,15,9,3)
(11276,16,17,18,24,30,36)
(11277,15,21,27,33,34)
(11278,23,22,16,15,9,3)
(11279,30,24,18,17,16,15,14,13,7,1)
(11280,17,18,24,30,36)
(11281,29,23,22,16,15,9,3)
(11282,36,30,24,18,12,6,5)
(11283,11,17,16,15,21,27,33,32,31)
(11284,4,5,6,12,18,24)
(11285,30,24,18,17,16,15,9,3)
(11286,26,20,14,15,16,10,4,5)
(11287,35,34,28,22,16,15,9)
(11288,24,18,12,6,5)
(11289,17,18,24,30,36)
(11290,24,18,12,6)
(11291,36,30,24,18,17,16,15,14,13,7,1)
(11292,4,5,6,12,18,24,30)
(11293,29,23,22,16,15,14,13,7)
(11294,20,14,8,2)
(11295,27,21,15,9,3,2)
(11296,14,15,21,27,33,34)
(11297,10,16,15,21,27,33)
(11298,31,32,26,20,14,8,2)
(11299,12,18,24,30,29,35)
(11300,10,16,17,18,24,30,36)
(11301,22,16,15,14,13,7,1)
(11302,34,35,29,30,24,18,12)
(11303,1,7,8,14,15,16,22)
(11304,20,14,13,7,1)
(11305,1,7,13,19,25)
(11306,18,24,30,36)
(11307,25,19,13,7)
(11308,10,16,17,18,24,30,36)
(11309,25,19,13,14,15,16,10,4,5)
(11310,21,15,9,3)
(11311,31,25,19,13,7,1)
(11312,34,28,22,16)
(11313,35,34,28,22,16,15)
(11314,3,9,15,21,27,33,32)
(11315,22,16,10,4)
(11316,22,16,10,4)
(11317,23,22,16,15,14,13,7,1)
(11318,11,12,18,24,30)
(11319,34,28,22,16)
(11320,36,30,24,18,12,6)
(11321,6,12,18,24,30,36)
(11322,25,19,13,7,1)
(11323,23,22,16,10,4)
(11324,7,8,14,20,26,32)
(11325,34,28,22,16)
(11326,33,27,21,15)
(11327,11,17,16,15,21,27,33,32)
(11328,10,16,22,28,34,35)
(11329,19,13,7,1)
(11330,36,30,24,18,17,16,15,9,3)
(11331,36,30,24,18,12,6,5,4)
(11332,21,15,9,3)
(11333,20,14,13,7,1)
(11334,28,22,16,17,18,12,6)
(11335,34,28,22,16,15,9,3,2)
(11336,9,15,21,27)
(11337,18,24,30,36)
(11338,31,32,33,27,21,15,16,10)
(11339,21,15,9,3,2)
(11340,26,20,14,15,9,3)
(11341,27,21,15,9,3)
(11342,15,16,17,18,24,30,36)
(11343,11,12,18,24,30)
(11344,1,7,8,14,20,26)
(11345,2,3,9,15,21)
(11346,31,32,26,20,14,8)
(11347,23,22,16,15,14,13,7,1)
(11348,24,18,17,16,15,9,3)
(11349,34,28,22,16,15,14,13,7)
(11350,10,16,15,21,27,33,32)
(11351,1,7,8,14,15,21,27,33)
(11352,36,30,24,18,12,6,5)
(11353,12,18,17,16,15,21,27,33)
(11354,34,28,22,16,10)
(11355,4,10,16,22,23)
(11356,2,8,14,20,26)
(11357,33,27,21,15,14,13,7,1)
(11358,2,3,9,15,16,22,23)
(11359,25,19,13,14,15,9,3)
(11360,21,15,9,3)
(11361,10,16,22,28,34)
(11362,30,24,18,12,6,5,4)
(11363,13,14,15,21,27,33,34)
(11364,8,14,15,16,22,23,29)
(11365,27,21,15,9,3)
(11366,3,9,15,21,27,33)
(11367,26,20,14,8)
(11368,6,5,4,10,16,15,21,27)
(11369,24,18,17,16,15,9,3)
(11370,16,22,28,34)
(11371,36,30,24,18,17,16,15,14,13,7,1)
(11372,10,16,17,18,24,30)
(11373,28,22,16,15,9,3,2)
(11374,26,20,14,13,7)
(11375,25,19,13,7)
(11376,18,24,30,36)
(11377,26,20,14,15,16,17,18,12,6)
(11378,10,16,22,28,34,35)
(11379,3,9,15,21)
(11380,27,21,15,14,8)
(11381,9,15,21,27)
(11382,10,16,15,21,27,33)
(11383,3,9,15,16,17,18,24)
(11384,18,24,30,36)
(11385,12,18,24,30)
(11386,30,24,18,17,16,15,9,3)
(11387,31,25,19,13)
(11388,32,26,20,14,8)
(11389,24,18,12,6,5,4)
(11390,4,10,16,15,21,27)
(11391,9,15,21,27,33,32)
(11392,24,18,17,16,15,9,3,2)
(11393,8,14,15,21,27,33)
(11394,1,7,8,14,15,16,22,23,29)
(11395,15,16,17,18,24,30,36)
(11396,13,19,25,31)
(11397,9,15,16,22,28)
(11398,13,14,15,21,27,33,34,35)
(11399,5,4,10,16,15,21,27,33)
(11400,8,14,15,16,17,18,24,30)
(11401,29,23,22,16,15,9)
(11402,11,17,16,15,21,27,33,32,31)
(11403,9,15,21,27,33,34,35)
(11404,2,8,14,20,26,32,31)
(11405,25,19,13,14,15,16,17,18,12,6)
(11406,36,30,24,18,17,16,10)
(11407,4,10,16,22,28)
(11408,26,20,14,15,16,10,4,5)
(11409,32,33,27,21,15,16,10,11)
(11410,36,30,24,18,17,16,15)
(11411,19,13,7,1)
(11412,28,22,16,17,18,12,6)
(11413,35,34,28,22,16,15,14,13)
(11414,26,20,14,15,9,3)
(11415,30,24,18,12,6,5)
(11416,15,21,27,33,34,35)
(11417,5,4,10,16,15,21,27,33)
(11418,33,27,21,15,14,13,7)
(11419,32,33,27,21,15,16,10,4,5)
(11420,7,13,19,25)
(11421,2,8,14,20,26)
(11422,28,22,16,15,14,13,7,1)
(11423,6,12,18,24,30,29)
(11424,13,14,15,16,17,18,24,30,36)
(11425,26,20,14,13,7)
(11426,26,20,14,8)
(11427,22,16,15,9,3)
(11428,9,15,16,22,28)
(11429,23,22,16,15,9,3)
(11430,19,13,7,1)
(11431,30,24,18,12,6)
(11432,2,8,14,20,26,32,31)
(11433,27,21,15,14,13,7)
(11434,18,24,30,36)
(11435,4,10,16,22)
(11436,9,15,21,27,33,32,31)
(11437,24,18,12,6)
(11438,1,7,8,14,15,16,22,28)
(11439,3,9,15,21)
(11440,18,24,30,36)
(11441,1,7,13,19,25)
(11442,12,18,24,30)
(11443,17,18,24,30,36)
(11444,29,23,22,16,15,9,3,2)
(11445,20,14,8,2)
(11446,2,8,14,20,26,32)
(11447,9,15,16,22,28)
(11448,1,7,8,14,15,21,27,33,34,35)
(11449,23,22,16,15,14,13,7,1)
(11450,36,30,24,18,17,16,15,14,13,7,1)
(11451,27,21,15,16,10,4,5)
(11452,26,20,14,15,16,10,4,5)
(11453,19,13,7,1)
(11454,18,24,30,36)
(11455,13,14,15,21,27,33,34,35)
(11456,21,15,14,13,7,1)
(11457,10,16,22,28)
(11458,29,23,22,16,15,14,13,7)
(11459,29,23,22,16,10)
(11460,13,14,15,21,27,33)
(11461,28,22,16,15,9,3,2)
(11462,25,19,13,14,15,16,10,4)
(11463,21,15,9,3,2)
(11464,14,20,26,32)
(11465,34,28,22,16,15,9)
(11466,19,13,7,1)
(11467,25,19,13,14,15,16,10,4)
(11468,10,16,22,23,29)
(11469,31,32,26,20,14,8)
(11470,11,17,16,15,21,27,33,32,31)
(11471,4,10,16,15,21,27,33,32,31)
(11472,9,15,16,22,28)
(11473,28,22,16,15,9,3,2)
(11474,34,28,22,16,15,14,13)
(11475,3,9,15,16,22)
(11476,23,22,16,10,4)
(11477,31,25,19,13,7)
(11478,6,12,18,24,30,36)
(11479,12,18,24,30)
(11480,22,16,15,9,3,2)
(11481,14,15,21,27,33,34)
(11482,5,6,12,18,24,30,36)
(11483,33,27,21,15,14,13,7,1)
(11484,12,18,17,16,15,21,27,33,32)
(11485,26,20,14,13,7,1)
(11486,25,19,13,7)
(11487,14,15,21,27,33,34)
(11488,5,4,10,16,22,28)
(11489,9,15,21,27)
(11490,30,24,18,17,16,15,14,8)
(11491,5,4,10,16,15,21,27,33)
(11492,24,18,12,6,5)
(11493,5,4,10,16,15,14,13,19,25)
(11494,2,8,14,20)
(11495,34,35,29,30,24,18,12)
(11496,19,13,7,1)
(11497,4,10,16,22,23)
(11498,12,18,17,16,15,21,27,33,32)
(11499,14,15,16,17,18,24,30,36)
(11500,14,15,16,17,18,24,30,36)
(11501,7,13,19,25)
(11502,5,4,10,16,15,14,13,19,25)
(11503,12,18,24,30,36)
(11504,5,4,10,16,15,14,13,19,25)
(11505,24,18,12,6,5)
(11506,12,18,24,30)
(11507,19,13,7,1)
(11508,28,22,16,15,14,13,7,1)
(11509,21,15,9,3)
(11510,2,3,9,15,21,27,33,34)
(11511,7,8,14,15,21,27,33)
(11512,33,27,21,15,9,3)
(11513,18,24,30,36)
(11514,23,22,16,15,14,13,7,1)
(11515,13,19,25,31)
(11516,24,18,12,6,5)
(11517,32,33,27,21,15,16,10,4,5)
(11518,22,16,15,9,3,2)
(11519,14,15,16,17,18,24,30,36)
(11520,13,14,15,16,17,18,24,30,36)
(11521,2,8,14,20,26,32)
(11522,3,9,15,16,17,18,24)
(11523,20,14,13,7,1)
(11524,28,22,16,15,9,3,2)
(11525,18,24,30,36)
(11526,4,10,16,22,23,29)
(11527,3,9,15,14,13,19,25)
(11528,19,13,7,1)
(11529,9,15,16,17,18,24,30,36)
(11530,28,22,16,15,9,3,2)
(11531,14,20,26,32)
(11532,17,23,29,35)
(11533,36,30,24,18,17,16)
(11534,36,30,24,18,12,11)
(11535,23,22,16,10,4,5)
(11536,23,22,16,15,14,13,7,1)
(11537,3,9,15,21,27)
(11538,10,16,17,18,24,30,36)
(11539,27,21,15,9,3,2)
(11540,7,8,14,15,21,27,33,34)
(11541,3,9,15,21)
(11542,30,24,18,12,6)
(11543,18,24,30,36)
(11544,32,26,20,14)
(11545,8,14,15,16,22,23,29)
(11546,30,24,18,17,16,15,9,3)
(11547,32,33,27,21,15,16,10,4,5)
(11548,4,10,16,22)
(11549,27,21,15,9,3,2)
(11550,28,22,16,10)
(11551,24,18,12,6,5,4)
(11552,6,5,4,10,16,15,21,27)
(11553,20,14,8,2)
(11554,24,18,17,16,15,14,13,7,1)
(11555,2,8,14,20,26,32)
(11556,36,30,24,18,12,11)
(11557,31,32,26,20,14,8,2)
(11558,35,34,28,22,16,10,4)
(11559,8,14,20,26,32)
(11560,33,27,21,15,14,13)
(11561,11,17,16,15,21,27,33,32)
(11562,13,14,15,21,27,33)
(11563,26,20,14,8)
(11564,35,29,23,17)
(11565,15,21,27,33,34,35)
(11566,19,13,7,1)
(11567,2,3,9,15,21,27,33)
(11568,4,10,16,22,23)
(11569,36,30,24,18)
(11570,32,26,20,14,8,2)
(11571,11,12,18,24,30)
(11572,23,22,16,10,4,5)
(11573,20,14,13,7,1)
(11574,4,5,6,12,18,24,30,36)
(11575,34,28,22,16,10)
(11576,10,16,15,21,27,33)
(11577,33,27,21,15,16,10)
(11578,36,30,24,18)
(11579,7,8,14,15,16,17,18,24,30)
(11580,28,22,16,17,18,12,6)
(11581,14,15,21,27,33)
(11582,7,8,14,15,21,27,33)
(11583,13,14,15,21,27,33,34,35)
(11584,22,16,15,9,3,2)
(11585,36,30,24,18,17,16,15,14,13,7)
(11586,14,20,26,32)
(11587,34,28,22,16)
(11588,22,16,10,4)
(11589,30,24,18,17,16,15,14,8)
(11590,1,7,8,14,15,16,22,23,29)
(11591,18,24,30,36)
(11592,27,21,15,16,10,4,5)
(11593,24,18,12,6)
(11594,35,34,28,22,16,15,9)
(11595,21,15,9,3,2)
(11596,7,13,19,25)
(11597,21,15,9,3,2)
(11598,28,22,16,15,9,3,2)
(11599,28,22,16,15,14,13,7,1)
(11600,30,24,18,12,11)
(11601,27,21,15,16,10,4)
(11602,6,12,18,24)
(11603,28,22,16,15,9,3)
(11604,28,22,16,15,9,3)
(11605,14,15,21,27,33,34,35)
(11606,1,7,13,19,25)
(11607,8,14,15,16,22,28)
(11608,26,20,14,13,7)
(11609,3,9,15,16,17,18,24)
(11610,9,15,16,22,28)
(11611,13,14,20,26,32)
(11612,2,8,14,20,26)
(11613,2,8,14,13,19,25)
(11614,1,7,8,14,15,21)
(11615,20,14,8,2)
(11616,10,16,15,21,27,33,32,31)
(11617,17,23,29,35)
(11618,24,18,12,6,5,4)
(11619,14,20,26,32)
(11620,14,20,26,32)
(11621,1,7,8,14,15,21)
(11622,14,15,21,27,33,34)
(11623,34,28,22,16,15,9,3)
(11624,22,16,15,9,3,2)
(11625,32,33,27,21,15,16,10,11)
(11626,8,14,20,26,32)
(11627,30,24,18,17,16,15,9,3)
(11628,9,15,16,17,18,24,30)
(11629,36,30,24,18,17,16,15,14,13)
(11630,15,21,27,33,34,35)
(11631,20,14,8,2)
(11632,13,14,15,21,27,33,34)
(11633,28,22,16,10)
(11634,8,14,15,21,27,33)
(11635,16,22,28,34,35)
(11636,23,22,16,10,4)
(11637,4,10,16,15,14,20,26)
(11638,11,17,16,15,21,27,33,32,31)
(11639,1,7,8,14,20)
(11640,25,19,13,14,8,2)
(11641,33,27,21,15,9,3,2)
(11642,16,17,18,24,30,36)
(11643,16,22,28,34,35)
(11644,10,16,15,21,27,33)
(11645,10,16,15,21,27,33,32,31)
(11646,23,22,16,15,14,13,7,1)
(11647,21,15,9,3)
(11648,29,23,22,16,15,14,13,7,1)
(11649,11,12,18,24,30,36)
(11650,26,20,14,13,7)
(11651,7,8,14,15,16,17,18,24,30,36)
(11652,9,15,16,22,28)
(11653,27,21,15,14,13,7,1)
(11654,12,18,24,30,29,35,34)
(11655,3,9,15,16,22,23)
(11656,28,22,16,15,9,3,2)
(11657,6,5,4,10,16,15,21,27)
(11658,3,9,15,21,27,33,32)
(11659,6,12,18,24)
(11660,9,15,16,22,28)
(11661,13,14,15,21,27,33)
(11662,25,19,13,14,15,9,3)
(11663,9,15,16,17,18,24,30,36)
(11664,19,13,7,1)
(11665,1,7,13,19)
(11666,21,15,9,3)
(11667,16,22,28,34,35)
(11668,2,8,14,20,26,32)
(11669,8,14,15,21,27,33)
(11670,27,21,15,16,10,4,5)
(11671,2,3,9,15,21,27,33,34,35)
(11672,29,30,24,18,12,6)
(11673,11,17,16,15,21,27,33,32,31)
(11674,35,34,28,22,16,15,14)
(11675,4,10,16,15,14,20,26)
(11676,15,16,17,18,24,30,36)
(11677,13,14,20,26,32)
(11678,26,20,14,15,16,10,4,5)
(11679,31,32,26,20,14,8)
(11680,36,30,24,18,17,16,15,14)
(11681,36,30,24,18,17)
(11682,22,16,15,9,3)
(11683,12,18,24,30,29,35)
(11684,33,27,21,15,14,8)
(11685,7,8,14,15,21,27)
(11686,2,3,9,15,16,22,23,29)
(11687,4,10,16,22)
(11688,12,18,17,16,15,21,27,33,32)
(11689,24,18,12,6)
(11690,9,15,16,22,28)
(11691,1,7,8,14,15,16,22,23,29)
(11692,28,22,16,15,9,3)
(11693,9,15,21,27,33,32,31)
(11694,21,15,14,13,7,1)
(11695,29,23,22,16,15,14,13,7,1)
(11696,11,17,16,15,21,27,33,32,31)
(11697,7,13,19,25)
(11698,20,14,13,7,1)
(11699,26,20,14,15,16,17,18,12,6)
(11700,15,16,17,18,24,30,36)
(11701,4,10,16,22,23)
(11702,20,14,13,7,1)
(11703,8,14,15,21,27)
(11704,36,30,24,18,17,16,15,14,8)
(11705,35,29,30,24,18,12,6,5)
(11706,21,15,9,3,2)
(11707,12,18,17,16,15,21,27,33)
(11708,35,29,30,24,18,12,6,5)
(11709,26,20,14,15,16,17,18,12,6)
(11710,3,9,15,21,27,33,32,31)
(11711,34,28,22,16,15,14,13,7)
(11712,15,21,27,33,34)
(11713,34,28,22,16,15,9)
(11714,20,14,13,7,1)
(11715,15,21,27,33,34,35)
(11716,9,15,16,22,28)
(11717,31,32,26,20,14,8)
(11718,18,24,30,36)
(11719,26,20,14,13,7,1)
(11720,10,16,22,28,34,35)
(11721,34,28,22,16,10,11)
(11722,29,23,22,16,10)
(11723,21,15,14,13,7,1)
(11724,31,32,33,27,21,15,9,3)
(11725,14,15,21,27,33,34,35)
(11726,31,32,33,27,21,15,9)
(11727,25,19,13,14,15,16,10,4)
(11728,28,22,16,10)
(11729,14,15,21,27,33)
(11730,16,22,28,34)
(11731,21,15,14,13,7,1)
(11732,9,15,21,27,33,34)
(11733,12,18,24,30,29,35,34)
(11734,4,10,16,15,14,13,19,25)
(11735,33,27,21,15,16,10,11)
(11736,35,34,28,22,16,15,14,13,7)
(11737,22,16,15,9,3)
(11738,12,18,24,30,29,35)
(11739,18,24,30,36)
(11740,34,28,22,16,15,14)
(11741,11,17,16,22,28,34)
(11742,29,23,22,16,15,9,3)
(11743,30,24,18,12)
(11744,5,4,10,16,22,28,34)
(11745,9,15,21,27)
(11746,15,21,27,33,34,35)
(11747,31,32,33,27,21,15,16,17,18,12)
(11748,13,14,15,21,27,33)
(11749,32,33,27,21,15,16,17,18,12)
(11750,31,32,26,20,14,8)
(11751,19,13,7,1)
(11752,34,28,22,16)
(11753,23,22,16,10,4,5)
(11754,16,17,18,24,30,36)
(11755,19,13,7,1)
(11756,27,21,15,9,3,2)
(11757,29,23,22,16,10)
(11758,1,7,8,14,20,26,32)
(11759,34,28,22,16,15)
(11760,17,18,24,30,36)
(11761,27,21,15,14,8)
(11762,12,18,17,16,15,21,27,33,32,31)
(11763,26,20,14,15,16,10,4)
(11764,30,24,18,17,16,15,14,13,7)
(11765,5,4,10,16,15,21,27)
(11766,19,13,7,1)
(11767,11,17,23,29)
(11768,6,5,4,10,16,15,21,27,33,32,31)
(11769,12,18,24,30,29,35)
(11770,31,32,33,27,21,15,16,10,4)
(11771,6,5,4,10,16,22,28)
(11772,25,19,13,7,1)
(11773,26,20,14,15,16,10,4,5)
(11774,21,15,9,3)
(11775,10,16,22,23,29)
(11776,33,27,21,15,16,10,11)
(11777,35,34,28,22,16,15)
(11778,11,17,23,29)
(11779,12,18,17,16,15,21,27,33,32)
(11780,3,9,15,21,27,33,34,35)
(11781,35,34,28,22,16,15,9)
(11782,34,35,29,30,24,18,12)
(11783,26,20,14,13,7,1)
(11784,18,24,30,36)
(11785,11,17,16,15,21,27,33)
(11786,21,15,9,3,2)
(11787,32,33,27,21,15,16,17,18,12)
(11788,15,21,27,33,34)
(11789,29,23,22,16,15,14,13,7,1)
(11790,31,32,26,20,14,8)
(11791,29,23,22,16,15,14,8)
(11792,4,5,6,12,18,24)
(11793,23,22,16,15,9,3,2)
(11794,6,5,4,10,16,15,14,13,19,25)
(11795,18,24,30,36)
(11796,23,22,16,15,14,13,7,1)
(11797,4,5,6,12,18,24,30,36)
(11798,33,27,21,15,16,10)
(11799,24,18,17,16,15,9,3,2)
(11800,5,6,12,18,24,30,29)
(11801,30,24,18,17,16,15,9)
(11802,28,22,16,10,4,5)
(11803,30,24,18,17,16,15,14,13,7,1)
(11804,17,18,24,30,36)
(11805,28,22,16,10,4)
(11806,29,23,22,16,15,9,3)
(11807,15,21,27,33,34)
(11808,33,27,21,15,9)
(11809,32,33,27,21,15,16,10)
(11810,20,14,8,2)
(11811,17,18,24,30,36)
(11812,11,12,18,24,30,36)
(11813,32,33,27,21,15,9,3)
(11814,34,28,22,16,15,9,3,2)
(11815,11,17,23,29)
(11816,21,15,9,3)
(11817,23,22,16,15,14,13,7,1)
(11818,30,24,18,12,6,5,4)
(11819,3,9,15,16,17,18,24,30,36)
(11820,13,14,15,16,17,18,24,30,36)
(11821,6,12,18,24,30,29,35,34)
(11822,18,24,30,36)
(11823,10,16,17,18,24,30)
(11824,1,7,8,14,20,26,32)
(11825,18,24,30,36)
(11826,19,13,7,1)
(11827,2,8,14,20,26)
(11828,13,14,15,21,27,33,34,35)
(11829,22,16,10,4)
(11830,33,27,21,15,16,10,4,5)
(11831,29,23,22,16,15,9,3,2)
(11832,1,7,8,14,15,21,27,33,34)
(11833,35,34,28,22,16)
(11834,34,28,22,16,10)
(11835,20,14,13,7,1)
(11836,15,21,27,33,34,35)
(11837,21,15,14,13,7,1)
(11838,23,22,16,15,14,13,7,1)
(11839,19,13,7,1)
(11840,12,18,17,16,15,21,27,33,32,31)
(11841,25,19,13,7,1)
(11842,14,20,26,32)
(11843,1,7,8,14,15,21,27,33)
(11844,32,26,20,14,13,7,1)
(11845,30,24,18,12,6,5,4)
(11846,20,14,8,2)
(11847,13,14,15,21,27,33,34,35)
(11848,26,20,14,15,16,10,4,5)
(11849,5,4,10,16,22,28)
(11850,18,24,30,36)
(11851,28,22,16,15,9)
(11852,7,8,14,15,21,27,33,34,35)
(11853,29,30,24,18,12,6,5)
(11854,2,8,14,20,26)
(11855,21,15,14,13,7,1)
(11856,27,21,15,9,3)
(11857,5,4,10,16,22,28,34)
(11858,13,14,15,21,27,33)
(11859,22,16,15,9,3)
(11860,1,7,8,14,15,21)
(11861,27,21,15,14,13,7)
(11862,3,9,15,21)
(11863,26,20,14,15,16,17,18,12,6)
(11864,25,19,13,7)
(11865,18,24,30,36)
(11866,9,15,21,27,33,34,35)
(11867,21,15,9,3,2)
(11868,25,19,13,7)
(11869,7,13,19,25,31)
(11870,16,17,18,24,30,36)
(11871,21,15,14,13,7,1)
(11872,12,18,24,30,36)
(11873,3,9,15,21,27,33,34,35)
(11874,12,18,24,30,29,35,34)
(11875,27,21,15,9,3,2)
(11876,3,9,15,21,27)
(11877,34,35,29,30,24,18,12)
(11878,34,28,22,16,10,11)
(11879,9,15,16,22,28)
(11880,15,21,27,33,34,35)
(11881,26,20,14,15,16,10,4,5)
(11882,9,15,21,27,33)
(11883,1,7,8,14,20,26,32)
(11884,7,8,14,20,26)
(11885,9,15,16,17,18,24,30,36)
(11886,8,14,15,16,22,23,29)
(11887,15,21,27,33,34,35)
(11888,11,17,23,29)
(11889,36,30,24,18,17,16,15,14,8)
(11890,25,19,13,14,8,2)
(11891,28,22,16,17,18,12,6)
(11892,34,28,22,16,10)
(11893,8,14,15,16,22,23,29)
(11894,14,15,21,27,33,34,35)
(11895,26,20,14,8,2)
(11896,1,7,8,14,15,21)
(11897,23,22,16,10,4,5)
(11898,33,27,21,15,16,10)
(11899,16,22,28,34,35)
(11900,34,28,22,16,15,14,8)
(11901,3,9,15,16,17,18,24,30)
(11902,34,28,22,16)
(11903,33,27,21,15,16,10)
(11904,26,20,14,15,16,10,4,5)
(11905,8,14,20,26,32,31)
(11906,30,24,18,12)
(11907,17,18,24,30,36)
(11908,12,18,17,16,15,21,27,33,32,31)
(11909,8,14,20,26,32,31)
(11910,15,21,27,33)
(11911,14,15,21,27,33,34)
(11912,22,16,15,9,3,2)
(11913,5,4,10,16,15,21,27,33)
(11914,27,21,15,9)
(11915,33,27,21,15,14,8)
(11916,13,19,25,31)
(11917,16,17,18,24,30,36)
(11918,3,9,15,21,27,33,34)
(11919,1,7,8,14,20,26,32)
(11920,19,13,7,1)
(11921,18,24,30,36)
(11922,3,9,15,21,27,33,32,31)
(11923,6,12,18,24,30,29,35,34)
(11924,27,21,15,14,13,7,1)
(11925,36,30,24,18,17,16,15,9)
(11926,31,32,26,20,14,8,2)
(11927,2,3,9,15,16,22,28)
(11928,10,16,22,28)
(11929,17,18,24,30,36)
(11930,16,22,28,34,35)
(11931,34,28,22,16,15,14,13,7)
(11932,26,20,14,8)
(11933,6,5,4,10,16,22,28)
(11934,18,24,30,36)
(11935,16,22,28,34,35)
(11936,4,10,16,22,28,34,35)
(11937,4,10,16,22)
(11938,10,16,15,21,27,33)
(11939,4,10,16,22,28,34,35)
(11940,23,22,16,10,4)
(11941,18,24,30,36)
(11942,15,21,27,33,34)
(11943,32,26,20,14)
(11944,21,15,9,3,2)
(11945,9,15,16,17,18,24,30,36)
(11946,20,14,8,2)
(11947,16,22,28,34,35)
(11948,30,24,18,12,6)
(11949,22,16,15,14,13,7,1)
(11950,27,21,15,9)
(11951,32,33,27,21,15,9)
(11952,5,4,10,16,22,28)
(11953,34,28,22,16,15,9,3,2)
(11954,23,22,16,15,9,3)
(11955,30,24,18,17,16,15,9,3)
(11956,18,24,30,36)
(11957,6,12,18,24,30,29,35)
(11958,8,14,15,21,27)
(11959,16,17,18,24,30,36)
(11960,33,27,21,15)
(11961,32,26,20,14,13,7)
(11962,8,14,15,16,17,18,24,30,36)
(11963,10,16,22,23,29)
(11964,7,8,14,15,21,27,33)
(11965,12,18,17,16,15,21,27,33,32,31)
(11966,26,20,14,15,9,3)
(11967,17,23,29,35)
(11968,17,23,29,35)
(11969,12,18,24,30)
(11970,21,15,14,13,7,1)
(11971,22,16,10,4)
(11972,4,10,16,22,23)
(11973,19,13,7,1)
(11974,23,22,16,10,4)
(11975,29,23,22,16,15,14,8)
(11976,30,24,18,17,16,15,9)
(11977,13,14,15,21,27,33,34,35)
(11978,25,19,13,14,15,16,10,4)
(11979,8,14,15,21,27,33)
(11980,4,5,6,12,18,24,30,36)
(11981,32,33,27,21,15,16,10,4)
(11982,14,15,21,27,33)
(11983,27,21,15,14,13,7)
(11984,36,30,24,18,17,16,15,14,13,7,1)
(11985,5,11,17,23)
(11986,31,32,33,27,21,15,16,10,4)
(11987,23,22,16,10,4)
(11988,2,3,9,15,16,22,28)
(11989,14,15,21,27,33,34,35)
(11990,27,21,15,14,13,7,1)
(11991,9,15,21,27,33,34,35)
(11992,24,18,12,6)
(11993,32,26,20,14,8)
(11994,34,28,22,16,15,14,13,7,1)
(11995,29,23,22,16,15,14,13,7,1)
(11996,2,3,9,15,16,17,18,24,30)
(11997,31,32,33,27,21,15,9,3)
(11998,12,18,17,16,15,21,27,33)
(11999,35,34,28,22,16,15,14,13,7,1)
(12000,32,33,27,21,15,16,10,4,5)
(12001,12,18,17,16,15,21,27,33,32)
(12002,19,13,7,1)
(12003,11,12,18,24,30,36)
(12004,2,3,9,15,16,22,23,29)
(12005,3,9,15,16,17,18,24,30,36)
(12006,12,18,24,30,36)
(12007,14,15,16,17,18,24,30,36)
(12008,15,21,27,33,34)
(12009,20,14,8,2)
(12010,7,8,14,20,26)
(12011,6,5,4,10,16,15,21,27,33)
(12012,14,15,21,27,33,34)
(12013,33,27,21,15,16,10,11)
(12014,3,9,15,16,22)
(12015,28,22,16,15,14,13,7,1)
(12016,19,13,7,1)
(12017,11,17,23,29,35)
(12018,33,27,21,15,16,10,4)
(12019,10,16,15,21,27,33)
(12020,34,28,22,16,15,9,3,2)
(12021,21,15,9,3,2)
(12022,28,22,16,10,4,5)
(12023,20,14,13,7,1)
(12024,36,30,24,18,17,16,15,9,3)
(12025,32,26,20,14)
(12026,12,18,24,30,36)
(12027,22,16,10,4)
(12028,34,28,22,16,15,14,13,7,1)
(12029,24,18,12,6,5)
(12030,20,14,13,7,1)
(12031,26,20,14,15,16,10,4)
(12032,2,3,9,15,21)
(12033,2,3,9,15,21,27)
(12034,18,24,30,36)
(12035,36,30,24,18,17,16,15,9,3,2)
(12036,27,21,15,14,13,7)
(12037,15,21,27,33,34)
(12038,1,7,8,14,15,16,22,28)
(12039,18,24,30,36)
(12040,25,19,13,14,15,9,3)
(12041,23,22,16,10,4)
(12042,3,9,15,16,22)
(12043,24,18,17,16,15,9,3)
(12044,9,15,16,17,18,24,30,36)
(12045,21,15,14,13,7,1)
(12046,21,15,14,13,7,1)
(12047,36,30,24,18,17,16,15,9,3)
